0 0
1 1
2 3
3 16
4 49
5 53
6 69
7 31
8 70
9 71
10 59
11 75
12 70
13 3
14 77
15 37
16 103
17 106
18 107
19 99
20 77
21 113
22 115
23 88
24 109
25 130
26 133
27 108
28 135
29 139
30 143
31 158
32 112
33 175
34 177
35 71
36 195
37 94
38 236
39 240
40 241
41 242
42 138
43 253
44 284
45 47
46 99
47 3
48 294
49 126
50 85
51 300
52 53
53 387
54 388
55 151
56 391
57 392
58 150
59 293
60 393
61 51
62 129
63 400
64 21
65 403
66 406
67 407
68 397
69 399
70 162
71 429
72 430
73 41
74 10
75 171
76 294
77 444
78 446
79 96
80 77
81 450
82 451
83 155
84 277
85 101
86 213
87 1
88 109
89 471
90 211
91 481
92 314
93 483
94 491
95 38
96 503
97 408
98 199
99 546
100 31
101 314
102 549
103 133
104 550
105 47
106 94
107 339
108 310
109 76
110 179
111 568
112 52
113 570
114 199
115 571
116 572
117 199
118 63
119 580
120 581
121 211
122 61
123 136
124 588
125 84
126 213
127 94
128 211
129 599
130 600
131 101
132 603
133 76
134 605
135 99
136 191
137 396
138 160
139 609
140 610
141 63
142 316
143 85
144 613
145 22
146 22
147 213
148 129
149 63
150 77
151 47
152 191
153 159
154 40
155 628
156 410
157 189
158 11
159 189
160 101
161 630
162 101
163 100
164 505
165 633
166 634
167 539
168 636
169 47
170 526
171 642
172 644
173 47
174 94
175 645
176 17
177 397
178 12
179 656
180 597
181 77
182 667
183 64
184 109
185 673
186 510
187 264
188 74
189 126
190 224
191 222
192 689
193 462
194 691
195 692
196 693
197 136
198 2137
199 460
200 199
201 721
202 526
203 41
204 24
205 761
206 78
207 151
208 763
209 290
210 766
211 525
212 109
213 775
214 807
215 59
216 52
217 293
218 815
219 816
220 702
221 793
222 222
223 256
224 71
225 650
226 825
227 148
228 3
229 88
230 22
231 839
232 401
233 820
234 877
235 51
236 77
237 248
238 22
239 133
240 725
241 716
242 101
243 64
244 896
245 392
246 898
247 166
248 61
249 54
250 912
251 48
252 236
253 171
254 429
255 391
256 76
257 54
258 155
259 638
260 11
261 650
262 179
263 41
264 366
265 189
266 479
267 236
268 63
269 61
270 397
271 211
272 143
273 948
274 670
275 950
276 951
277 953
278 101
279 954
280 407
281 955
282 793
283 496
284 422
285 397
286 957
287 959
288 963
289 966
290 14
291 922
292 987
293 578
294 512
295 366
296 258
297 991
298 996
299 47
300 99
301 314
302 148
303 249
304 99
305 482
306 214
307 1015
308 1017
309 100
310 1072
311 284
312 720
313 59
314 1076
315 849
316 269
317 1077
318 298
319 163
320 65
321 137
322 466
323 76
324 12
325 2156
326 149
327 576
328 1087
329 1089
330 723
331 1093
332 1094
333 1095
334 571
335 149
336 148
337 429
338 70
339 1137
340 1138
341 1139
342 211
343 533
344 224
345 785
346 50
347 2162
348 112
349 178
350 51
351 379
352 1216
353 1217
354 1218
355 1119
356 136
357 211
358 136
359 404
360 1231
361 137
362 171
363 5
364 1245
365 341
366 494
367 12
368 195
369 11
370 106
371 2163
372 248
373 12
374 217
375 23
376 1083
377 1260
378 1261
379 1255
380 1273
381 282
382 107
383 199
384 247
385 1001
386 1290
387 938
388 478
389 171
390 880
391 1304
392 250
393 134
394 1309
395 1313
396 355
397 1318
398 1320
399 109
400 162
401 47
402 85
403 85
404 1328
405 609
406 225
407 138
408 61
409 110
410 1337
411 137
412 228
413 64
414 1339
415 284
416 63
417 71
418 653
419 1355
420 109
421 1356
422 157
423 422
424 1358
425 1366
426 755
427 1369
428 252
429 94
430 93
431 1370
432 289
433 555
434 411
435 785
436 397
437 1372
438 1105
439 241
440 85
441 63
442 72
443 1026
444 526
445 47
446 820
447 1409
448 179
449 52
450 1410
451 129
452 1413
453 63
454 64
455 85
456 133
457 1427
458 189
459 1437
460 397
461 109
462 213
463 800
464 71
465 603
466 266
467 171
468 137
469 112
470 1420
471 94
472 41
473 595
474 198
475 1455
476 179
477 906
478 1116
479 396
480 133
481 1457
482 133
483 70
484 94
485 1
486 334
487 178
488 685
489 1460
490 397
491 21
492 517
493 397
494 12
495 1410
496 1463
497 401
498 408
499 1467
500 85
501 674
502 166
503 12
504 1469
505 1471
506 407
507 393
508 77
509 544
510 392
511 63
512 517
513 1167
514 23
515 52
516 100
517 439
518 924
519 467
520 1475
521 1102
522 189
523 189
524 491
525 815
526 956
527 211
528 47
529 213
530 516
531 213
532 295
533 162
534 785
535 392
536 1502
537 187
538 287
539 1504
540 137
541 670
542 52
543 63
544 22
545 199
546 154
547 22
548 1490
549 1514
550 1515
551 211
552 854
553 1425
554 861
555 212
556 63
557 1437
558 1227
559 897
560 211
561 189
562 1520
563 87
564 1339
565 189
566 61
567 339
568 720
569 615
570 217
571 250
572 211
573 12
574 23
575 63
576 1384
577 22
578 109
579 1022
580 211
581 248
582 815
583 314
584 133
585 1528
586 151
587 220
588 16
589 1529
590 392
591 725
592 12
593 76
594 909
595 11
596 1257
597 47
598 85
599 94
600 129
601 64
602 392
603 3
604 770
605 63
606 1178
607 1539
608 178
609 1540
610 109
611 1541
612 22
613 213
614 63
615 151
616 972
617 311
618 1018
619 86
620 1556
621 94
622 17
623 1536
624 565
625 211
626 1349
627 1083
628 236
629 137
630 63
631 18
632 72
633 1
634 617
635 1
636 167
637 211
638 143
639 685
640 23
641 137
642 151
643 1561
644 160
645 211
646 111
647 94
648 1562
649 17
650 211
651 166
652 309
653 645
654 1186
655 644
656 63
657 87
658 63
659 715
660 287
661 1566
662 217
663 199
664 37
665 47
666 31
667 54
668 1571
669 1425
670 2128
671 411
672 694
673 12
674 94
675 313
676 311
677 1566
678 21
679 293
680 3
681 201
682 189
683 1164
684 1471
685 252
686 246
687 422
688 11
689 1532
690 189
691 1579
692 1579
693 85
694 189
695 411
696 211
697 1580
698 3
699 129
700 1103
701 1583
702 109
703 154
704 171
705 1119
706 1584
707 1585
708 211
709 94
710 145
711 552
712 137
713 236
714 23
715 137
716 1618
717 77
718 663
719 1374
720 1621
721 11
722 396
723 1132
724 225
725 770
726 770
727 168
728 148
729 136
730 94
731 37
732 213
733 88
734 397
735 213
736 1579
737 1584
738 1409
739 41
740 313
741 322
742 47
743 9
744 12
745 1437
746 213
747 770
748 12
749 51
750 213
751 213
752 395
753 341
754 31
755 191
756 1627
757 301
758 770
759 774
760 85
761 1004
762 125
763 199
764 178
765 972
766 224
767 1636
768 74
769 37
770 1637
771 63
772 64
773 217
774 411
775 197
776 210
777 16
778 387
779 72
780 151
781 474
782 667
783 236
784 607
785 617
786 1349
787 213
788 115
789 1643
790 236
791 3
792 211
793 397
794 171
795 1646
796 38
797 3
798 468
799 971
800 428
801 409
802 599
803 4
804 62
805 409
806 1613
807 1426
808 236
809 96
810 68
811 171
812 211
813 11
814 1374
815 1349
816 397
817 74
818 63
819 126
820 224
821 222
822 612
823 1421
824 392
825 1662
826 61
827 506
828 1664
829 1003
830 1667
831 11
832 1018
833 863
834 1
835 17
836 1669
837 213
838 202
839 62
840 659
841 1011
842 568
843 578
844 1716
845 61
846 1467
847 313
848 236
849 212
850 74
851 287
852 151
853 72
854 395
855 37
856 1722
857 63
858 417
859 115
860 210
861 770
862 47
863 211
864 74
865 110
866 607
867 505
868 109
869 1725
870 1004
871 1727
872 609
873 36
874 324
875 97
876 392
877 2182
878 51
879 41
880 1349
881 395
882 11
883 1018
884 333
885 1734
886 61
887 195
888 894
889 843
890 189
891 213
892 236
893 23
894 404
895 546
896 199
897 12
898 1227
899 1759
900 199
901 38
902 74
903 1763
904 62
905 189
906 785
907 0
908 183
909 454
910 220
911 1443
912 211
913 17
914 125
915 213
916 17
917 1787
918 213
919 563
920 1041
921 47
922 1011
923 1803
924 178
925 290
926 597
927 129
928 212
929 77
930 1806
931 295
932 178
933 1038
934 63
935 572
936 137
937 1809
938 1119
939 63
940 178
941 722
942 419
943 23
944 24
945 528
946 47
947 213
948 11
949 23
950 301
951 17
952 47
953 94
954 1812
955 54
956 1815
957 12
958 1716
959 211
960 1817
961 1360
962 670
963 154
964 608
965 702
966 1818
967 680
968 63
969 301
970 1560
971 63
972 151
973 316
974 722
975 149
976 187
977 63
978 1828
979 1829
980 395
981 474
982 1
983 355
984 126
985 4
986 1838
987 1048
988 269
989 23
990 1103
991 109
992 211
993 301
994 1847
995 899
996 94
997 1849
998 180
999 63
1000 397
1001 72
1002 1856
1003 100
1004 301
1005 1536
1006 517
1007 94
1008 419
1009 180
1010 126
1011 592
1012 65
1013 266
1014 5
1015 61
1016 1862
1017 3
1018 129
1019 213
1020 1022
1021 180
1022 63
1023 1007
1024 486
1025 211
1026 63
1027 189
1028 1863
1029 72
1030 1864
1031 1119
1032 1
1033 110
1034 64
1035 314
1036 63
1037 211
1038 592
1039 63
1040 47
1041 48
1042 47
1043 399
1044 295
1045 567
1046 1421
1047 47
1048 94
1049 295
1050 53
1051 213
1052 1875
1053 94
1054 944
1055 51
1056 213
1057 199
1058 1883
1059 47
1060 100
1061 96
1062 395
1063 668
1064 716
1065 49
1066 395
1067 178
1068 149
1069 1374
1070 37
1071 291
1072 1532
1073 140
1074 213
1075 785
1076 63
1077 1
1078 178
1079 1915
1080 297
1081 53
1082 211
1083 72
1084 232
1085 63
1086 151
1087 211
1088 785
1089 301
1090 72
1091 1717
1092 51
1093 12
1094 208
1095 214
1096 112
1097 178
1098 277
1099 151
1100 777
1101 1004
1102 37
1103 49
1104 1931
1105 135
1106 211
1107 572
1108 94
1109 959
1110 172
1111 98
1112 97
1113 602
1114 720
1115 1254
1116 129
1117 101
1118 397
1119 288
1120 537
1121 294
1122 328
1123 1
1124 1421
1125 171
1126 17
1127 77
1128 505
1129 86
1130 178
1131 31
1132 31
1133 423
1134 153
1135 72
1136 98
1137 295
1138 213
1139 63
1140 830
1141 1120
1142 333
1143 210
1144 247
1145 1960
1146 31
1147 109
1148 1356
1149 47
1150 266
1151 148
1152 979
1153 168
1154 17
1155 785
1156 119
1157 694
1158 1985
1159 1986
1160 199
1161 1437
1162 1176
1163 213
1164 111
1165 1995
1166 171
1167 23
1168 63
1169 321
1170 1437
1171 399
1172 136
1173 1635
1174 168
1175 63
1176 313
1177 38
1178 41
1179 77
1180 1803
1181 1
1182 972
1183 112
1184 130
1185 12
1186 162
1187 236
1188 820
1189 297
1190 307
1191 396
1192 1662
1193 1254
1194 392
1195 1038
1196 2053
1197 301
1198 997
1199 63
1200 76
1201 786
1202 167
1203 152
1204 63
1205 64
1206 2072
1207 213
1208 129
1209 1313
1210 2076
1211 185
1212 2077
1213 594
1214 211
1215 11
1216 37
1217 106
1218 576
1219 63
1220 38
1221 607
1222 99
1223 420
1224 690
1225 1785
1226 227
1227 333
1228 820
1229 208
1230 1348
1231 88
1232 2121
1233 2122
1234 13
1235 578
1236 257
1 2
2 6
2 7
2 8
2 15
3 19
3 20
3 25
3 26
3 27
3 28
3 29
3 30
3 32
3 33
3 34
3 35
3 39
3 42
3 43
3 44
3 45
3 46
5 55
5 56
5 57
5 58
5 60
5 66
5 67
9 73
11 79
11 80
11 81
11 82
12 83
13 89
13 90
13 91
13 92
13 95
14 102
16 104
16 105
21 114
22 116
22 117
22 118
22 120
22 121
22 122
22 123
23 124
23 127
23 128
25 131
25 132
29 141
29 142
30 144
30 146
30 147
30 156
31 161
31 164
31 165
31 169
31 170
32 173
32 174
33 176
35 181
35 182
35 184
35 186
35 188
35 190
35 192
35 193
35 194
36 196
36 200
36 203
37 204
37 205
37 206
37 207
37 209
37 215
37 216
37 218
37 219
37 221
37 223
37 226
37 229
37 230
37 231
37 233
37 234
37 235
38 237
38 238
38 239
41 243
42 244
42 245
42 251
43 254
43 255
43 259
43 260
43 261
43 262
43 263
43 265
43 267
43 268
43 270
43 271
43 272
43 273
43 274
43 275
43 276
43 278
43 279
43 280
43 281
43 283
44 285
44 286
44 292
49 296
49 299
51 302
51 303
51 304
51 305
51 306
51 308
51 312
51 315
51 317
51 318
51 319
51 320
51 323
51 325
51 326
51 327
51 329
51 330
51 331
51 332
51 335
51 336
51 337
51 338
51 340
51 342
51 343
51 344
51 345
51 346
51 347
51 348
51 349
51 350
51 351
51 352
51 353
51 354
51 356
51 357
51 358
51 359
51 360
51 361
51 362
51 363
51 364
51 365
51 367
51 368
51 369
51 370
51 371
51 372
51 373
51 374
51 375
51 376
51 377
51 378
51 380
51 381
51 382
51 383
51 384
51 385
52 386
54 389
55 390
60 394
62 398
64 402
65 405
69 412
69 413
69 414
69 415
69 416
69 418
70 421
70 424
70 425
70 426
70 427
73 431
73 432
73 433
73 434
73 435
74 436
76 437
76 438
76 440
76 441
76 442
76 443
77 445
78 447
79 448
79 449
84 452
84 453
85 455
85 456
85 457
85 458
86 459
86 461
86 463
86 464
86 465
88 469
88 470
89 472
89 473
89 475
89 476
89 477
90 480
93 484
93 485
93 487
93 488
93 489
93 490
94 492
95 493
95 495
95 497
95 498
95 499
95 500
95 501
95 502
96 504
96 507
96 508
96 509
96 511
96 513
96 514
96 515
96 518
96 519
96 520
96 521
96 522
96 523
96 524
96 527
96 529
96 530
96 531
96 532
96 534
96 535
96 536
96 538
96 540
96 541
96 542
97 543
98 545
101 547
101 548
105 551
105 553
106 554
106 556
106 557
106 558
106 559
107 560
107 561
108 562
108 564
109 566
112 569
116 573
116 574
116 575
117 577
117 579
120 582
120 583
120 584
120 585
120 586
122 587
125 589
125 590
125 591
125 593
127 596
128 598
131 601
133 604
134 606
142 611
147 614
147 616
152 618
153 619
153 620
154 621
154 622
154 623
154 624
154 625
154 626
154 627
156 629
162 631
164 632
167 635
168 637
168 639
169 640
170 641
171 643
175 646
175 647
175 648
175 649
178 651
178 652
178 654
178 655
179 657
179 658
180 660
181 661
181 662
181 664
181 665
181 666
183 669
184 671
184 672
186 675
186 676
186 677
187 678
187 679
187 681
187 682
187 683
187 684
187 686
187 687
187 688
198 695
198 696
198 697
198 698
198 699
198 700
198 701
198 703
198 704
198 705
198 706
198 707
198 708
198 709
198 710
198 711
198 712
198 713
198 714
198 717
198 718
199 719
201 724
201 726
201 727
201 728
201 729
201 730
201 731
201 732
201 733
201 734
201 735
201 736
201 737
201 738
201 739
201 740
201 741
201 742
201 743
201 744
201 745
201 746
201 747
201 748
201 749
201 750
201 751
201 752
201 753
201 754
201 756
201 757
201 758
201 759
201 760
205 762
209 764
209 765
212 767
212 768
212 769
212 771
212 772
212 773
213 776
213 778
213 779
213 780
213 781
213 782
213 783
213 784
213 787
213 788
213 789
213 790
213 791
213 792
213 794
213 795
213 796
213 797
213 798
213 799
213 801
213 802
213 803
213 804
213 805
213 806
215 808
216 809
216 810
216 811
216 812
216 813
216 814
219 817
219 818
219 819
222 821
224 822
224 823
224 824
226 826
227 827
227 828
228 829
228 831
228 832
228 833
229 834
229 835
229 836
229 837
229 838
231 840
231 841
231 842
231 844
232 845
232 846
232 847
232 848
232 850
232 851
232 852
232 853
233 855
233 856
233 857
233 858
233 859
233 860
233 862
233 864
233 865
233 866
233 867
233 868
233 869
233 870
233 871
233 872
233 873
233 874
233 875
233 876
234 878
234 879
234 881
234 882
234 883
235 884
235 885
238 886
240 887
240 888
241 889
241 890
241 891
241 892
241 893
241 895
249 900
249 901
249 902
249 903
249 904
249 905
249 907
249 908
249 910
249 911
253 913
253 914
253 915
257 916
258 917
258 918
261 919
264 920
266 921
266 923
267 925
267 926
267 927
267 928
267 929
267 930
267 931
267 932
267 933
267 934
267 935
267 936
267 937
267 939
267 940
267 941
267 942
271 943
271 945
271 946
271 947
274 949
276 952
286 958
287 960
287 961
287 962
288 964
288 965
289 967
290 968
291 969
291 970
291 973
291 974
291 975
291 976
291 977
291 978
291 980
291 981
291 982
291 983
291 984
291 985
291 986
293 988
294 989
294 990
297 992
297 993
297 994
297 995
300 998
300 999
300 1000
301 1002
306 1005
306 1006
306 1008
306 1009
306 1010
306 1012
306 1013
306 1014
307 1016
308 1019
309 1020
309 1021
309 1023
309 1024
309 1025
309 1027
309 1028
309 1029
309 1030
309 1031
309 1032
309 1033
309 1034
309 1035
309 1036
309 1037
309 1039
309 1040
309 1042
309 1043
309 1044
309 1045
309 1046
309 1047
309 1049
309 1050
309 1051
309 1052
309 1053
309 1054
309 1055
309 1056
309 1057
309 1058
309 1059
309 1060
309 1061
309 1062
309 1063
309 1064
309 1065
309 1066
309 1067
309 1068
309 1069
309 1070
309 1071
311 1073
311 1074
312 1075
319 1078
320 1079
321 1080
321 1081
321 1082
326 1084
327 1085
327 1086
328 1088
329 1090
329 1091
330 1092
333 1096
333 1097
333 1098
333 1099
333 1100
333 1101
335 1104
335 1106
335 1107
335 1108
335 1109
335 1110
335 1111
335 1112
335 1113
335 1114
335 1115
335 1117
335 1118
335 1121
335 1122
335 1123
335 1124
335 1125
335 1126
335 1127
335 1128
335 1129
335 1130
335 1131
335 1133
335 1134
335 1135
338 1136
341 1140
345 1141
345 1142
345 1143
345 1144
345 1145
345 1146
345 1147
345 1148
345 1149
345 1150
345 1151
345 1152
345 1153
345 1154
345 1155
345 1156
345 1157
345 1158
345 1159
345 1160
345 1161
345 1162
345 1163
345 1165
345 1166
345 1168
345 1169
345 1170
345 1171
345 1172
345 1173
345 1174
345 1175
345 1177
345 1179
345 1180
345 1181
345 1182
345 1183
345 1184
345 1185
345 1187
345 1188
345 1189
345 1190
345 1191
345 1192
345 1193
345 1194
347 1195
347 1196
347 1197
347 1198
347 1199
347 1200
347 1201
347 1202
348 1203
348 1204
348 1205
348 1206
348 1207
348 1208
348 1209
348 1210
350 1211
350 1212
350 1213
350 1214
351 1215
355 1219
355 1220
355 1221
355 1222
355 1223
356 1224
356 1225
356 1226
358 1228
358 1229
359 1230
360 1232
360 1233
360 1234
360 1235
360 1236
360 1237
360 1238
360 1239
360 1240
360 1241
360 1242
361 1243
361 1244
364 1246
364 1247
364 1248
364 1249
364 1250
364 1251
366 1252
366 1253
372 1256
376 1258
376 1259
378 1262
378 1263
378 1264
378 1265
378 1266
378 1267
378 1268
378 1269
378 1270
378 1271
379 1272
380 1274
380 1275
380 1276
380 1277
380 1278
380 1279
380 1280
382 1281
383 1282
384 1283
384 1284
384 1285
385 1286
385 1287
385 1288
385 1289
387 1291
387 1292
387 1293
387 1294
387 1295
387 1296
387 1297
387 1298
387 1299
387 1300
387 1301
390 1302
390 1303
392 1305
392 1306
392 1307
393 1308
394 1310
394 1311
394 1312
395 1314
395 1315
396 1316
396 1317
397 1319
402 1321
402 1322
402 1323
402 1324
402 1325
402 1326
402 1327
407 1329
407 1330
407 1331
407 1332
409 1333
409 1334
409 1335
409 1336
411 1338
414 1340
414 1341
417 1342
417 1343
417 1344
417 1345
417 1346
417 1347
417 1350
417 1351
417 1352
417 1353
417 1354
421 1357
424 1359
424 1361
424 1362
424 1363
424 1364
424 1365
425 1367
426 1368
433 1371
437 1373
437 1375
437 1376
437 1377
437 1378
437 1379
437 1380
437 1381
437 1382
437 1383
437 1385
437 1386
437 1387
437 1388
437 1389
437 1390
437 1391
437 1392
437 1393
437 1394
437 1395
437 1396
437 1397
437 1398
437 1399
437 1400
442 1401
442 1402
442 1403
442 1404
442 1405
442 1406
442 1407
444 1408
450 1411
451 1412
453 1414
453 1415
453 1416
455 1417
456 1418
456 1419
456 1422
456 1423
456 1424
457 1428
457 1429
457 1430
457 1431
457 1432
457 1433
457 1434
457 1435
458 1436
460 1438
461 1439
462 1440
462 1441
462 1442
462 1444
462 1445
462 1446
462 1447
463 1448
465 1449
465 1450
465 1451
465 1452
466 1453
466 1454
479 1456
486 1458
486 1459
492 1461
492 1462
498 1464
498 1465
498 1466
501 1468
504 1470
518 1472
518 1473
518 1474
520 1476
520 1477
521 1478
531 1479
531 1480
532 1481
533 1482
533 1483
533 1484
533 1485
533 1486
533 1487
533 1488
533 1489
533 1491
533 1492
533 1493
533 1494
533 1495
533 1496
533 1497
533 1498
533 1499
533 1500
535 1501
536 1503
541 1505
541 1506
544 1507
544 1508
544 1509
548 1510
548 1511
548 1512
548 1513
550 1516
550 1517
557 1518
559 1519
562 1521
567 1522
569 1523
576 1524
576 1525
577 1526
584 1527
591 1530
591 1531
593 1533
603 1534
603 1535
604 1537
604 1538
615 1542
615 1543
615 1544
615 1545
615 1546
615 1547
615 1548
615 1549
615 1550
615 1551
615 1552
616 1553
618 1554
618 1555
620 1557
629 1558
631 1559
649 1563
655 1564
655 1565
661 1567
665 1568
666 1569
666 1570
668 1572
672 1573
672 1574
677 1575
681 1576
685 1577
689 1578
697 1581
697 1582
710 1586
710 1587
710 1588
710 1589
710 1590
713 1591
713 1592
713 1593
713 1594
713 1595
715 1596
715 1597
715 1598
715 1599
715 1600
715 1601
715 1602
715 1603
715 1604
715 1605
715 1606
715 1607
715 1608
715 1609
715 1610
715 1611
715 1612
715 1614
715 1615
715 1616
715 1617
716 1619
719 1620
720 1622
735 1623
735 1624
741 1625
752 1626
756 1628
756 1629
756 1630
761 1631
761 1632
766 1633
766 1634
777 1638
780 1639
781 1640
782 1641
782 1642
789 1644
794 1645
802 1647
805 1648
806 1649
813 1650
813 1651
813 1652
819 1653
819 1654
819 1655
819 1656
819 1657
819 1658
819 1659
819 1660
819 1661
827 1663
828 1665
828 1666
833 1668
836 1670
836 1671
838 1672
838 1673
838 1674
838 1675
840 1676
840 1677
840 1678
840 1679
840 1680
840 1681
840 1682
840 1683
840 1684
840 1685
840 1686
840 1687
840 1688
840 1689
840 1690
840 1691
840 1692
840 1693
840 1694
840 1695
840 1696
840 1697
840 1698
840 1699
840 1700
840 1701
840 1702
840 1703
840 1704
840 1705
840 1706
841 1707
841 1708
841 1709
841 1710
841 1711
841 1712
841 1713
841 1714
841 1715
849 1718
849 1719
854 1720
854 1721
856 1723
856 1724
870 1726
872 1728
872 1729
880 1730
880 1731
880 1732
880 1733
885 1735
885 1736
885 1737
885 1738
886 1739
886 1740
886 1741
886 1742
886 1743
886 1744
886 1745
886 1746
886 1747
886 1748
889 1749
889 1750
889 1751
889 1752
889 1753
889 1754
891 1755
892 1756
892 1757
897 1758
901 1760
901 1761
902 1762
903 1764
905 1765
905 1766
905 1767
906 1768
906 1769
906 1770
906 1771
906 1772
906 1773
906 1774
906 1775
906 1776
906 1777
906 1778
906 1779
906 1780
908 1781
909 1782
909 1783
909 1784
913 1786
919 1788
919 1789
919 1790
919 1791
919 1792
919 1793
919 1794
919 1795
919 1796
919 1797
919 1798
919 1799
922 1800
922 1801
922 1802
927 1804
928 1805
934 1807
934 1808
941 1810
953 1811
955 1813
955 1814
956 1816
969 1819
974 1820
974 1821
974 1822
974 1823
974 1824
974 1825
975 1826
976 1827
980 1830
981 1831
982 1832
983 1833
983 1834
983 1835
985 1836
985 1837
993 1839
993 1840
993 1841
993 1842
993 1843
993 1844
993 1845
993 1846
995 1848
997 1850
997 1851
997 1852
997 1853
997 1854
1000 1855
1002 1857
1003 1858
1012 1859
1012 1860
1012 1861
1030 1865
1034 1866
1036 1867
1036 1868
1036 1869
1037 1870
1049 1871
1050 1872
1050 1873
1050 1874
1052 1876
1052 1877
1052 1878
1052 1879
1052 1880
1055 1881
1056 1882
1060 1884
1061 1885
1064 1886
1066 1887
1069 1888
1071 1889
1071 1890
1071 1891
1071 1892
1071 1893
1071 1894
1071 1895
1071 1896
1071 1897
1071 1898
1071 1899
1072 1900
1072 1901
1073 1902
1073 1903
1073 1904
1073 1905
1073 1906
1073 1907
1073 1908
1073 1909
1073 1910
1073 1911
1073 1912
1073 1913
1073 1914
1080 1916
1080 1917
1080 1918
1080 1919
1080 1920
1082 1921
1086 1922
1090 1923
1090 1924
1090 1925
1091 1926
1094 1927
1098 1928
1102 1929
1102 1930
1111 1932
1116 1933
1116 1934
1119 1935
1123 1936
1123 1937
1123 1938
1123 1939
1123 1940
1127 1941
1132 1942
1132 1943
1135 1944
1135 1945
1135 1946
1135 1947
1136 1948
1136 1949
1136 1950
1136 1951
1136 1952
1136 1953
1138 1954
1138 1955
1140 1956
1140 1957
1141 1958
1143 1959
1145 1961
1145 1962
1145 1963
1145 1964
1148 1965
1148 1966
1149 1967
1149 1968
1150 1969
1153 1970
1153 1971
1157 1972
1157 1973
1157 1974
1157 1975
1157 1976
1157 1977
1157 1978
1157 1979
1157 1980
1157 1981
1157 1982
1157 1983
1157 1984
1159 1987
1159 1988
1159 1989
1159 1990
1159 1991
1159 1992
1159 1993
1163 1994
1166 1996
1166 1997
1166 1998
1166 1999
1166 2000
1166 2001
1166 2002
1167 2003
1173 2004
1174 2005
1174 2006
1175 2007
1175 2008
1175 2009
1175 2010
1175 2011
1177 2012
1177 2013
1177 2014
1177 2015
1177 2016
1178 2017
1178 2018
1179 2019
1179 2020
1179 2021
1179 2022
1179 2023
1179 2024
1179 2025
1179 2026
1179 2027
1180 2028
1180 2029
1180 2030
1180 2031
1180 2032
1180 2033
1180 2034
1181 2035
1183 2036
1185 2037
1185 2038
1185 2039
1185 2040
1185 2041
1185 2042
1186 2043
1186 2044
1186 2045
1186 2046
1186 2047
1186 2048
1189 2049
1189 2050
1189 2051
1193 2052
1196 2054
1196 2055
1196 2056
1196 2057
1196 2058
1197 2059
1197 2060
1198 2061
1198 2062
1198 2063
1201 2064
1202 2065
1202 2066
1202 2067
1202 2068
1202 2069
1202 2070
1202 2071
1206 2073
1206 2074
1208 2075
1213 2078
1213 2079
1213 2080
1213 2081
1213 2082
1213 2083
1213 2084
1213 2085
1217 2086
1217 2087
1217 2088
1217 2089
1217 2090
1217 2091
1217 2092
1217 2093
1217 2094
1217 2095
1217 2096
1217 2097
1217 2098
1217 2099
1217 2100
1217 2101
1217 2102
1217 2103
1217 2104
1217 2105
1223 2106
1223 2107
1224 2108
1226 2109
1230 2110
1230 2111
1230 2112
1230 2113
1230 2114
1230 2115
1230 2116
1230 2117
1230 2118
1230 2119
1230 2120
5 2123
22 2124
37 2125
42 2126
51 2127
51 2129
69 2130
95 2131
95 2132
142 2133
187 2134
187 2135
187 2136
198 2138
201 2139
201 2140
201 2141
216 2142
229 2143
257 2144
267 2145
267 2146
267 2147
267 2148
267 2149
267 2150
269 2151
297 2152
297 2153
311 2154
321 2155
335 2157
345 2158
345 2159
345 2160
345 2161
378 2164
387 2165
402 2166
402 2167
424 2168
442 2169
533 2170
533 2171
533 2172
544 2173
604 2174
697 2175
766 2176
766 2177
827 2178
838 2179
838 2180
840 2181
886 2183
891 2184
897 2185
1123 2186
1123 2187
1138 2188
1143 2189
1166 2190
1174 2191
1179 2192
1186 2193
1186 2194
1213 2195
1213 2196
1213 2197
1217 2198
1217 2199
1217 2200
1217 2201
1217 2202
1217 2203
231 310
840 1490
850 1152
1230 664
89 71
880 1011
417 2
1156 197
1213 152
1094 37
291 109
841 1159
818 220
267 2125
1230 2
1145 534
870 1632
726 99
684 17
1151 179
908 187
198 275
51 40
1159 372
309 768
816 199
955 595
1204 467
1157 178
51 17
1082 121
991 554
766 334
841 849
1048 47
302 12
615 40
615 11
309 44
42 249
125 594
1143 2
150 617
24 129
124 63
1113 521
309 179
406 86
919 1011
41 118
672 0
885 1
89 478
275 618
267 382
437 37
774 1
988 129
486 836
1094 1597
1070 47
889 74
872 0
1174 1634
187 63
782 183
1230 112
390 503
1163 45
988 45
1159 1262
806 94
357 1
840 1119
459 0
96 96
1186 1497
604 129
233 854
76 0
699 293
983 310
1148 1068
309 109
249 909
819 793
198 623
886 51
49 40
90 138
335 101
628 85
396 419
906 926
1112 52
697 199
1217 151
253 94
1230 211
676 212
715 1116
253 47
335 85
1082 684
752 41
345 458
216 568
249 291
382 9
486 100
840 768
112 61
788 68
828 12
395 973
1174 11
1224 307
154 2130
1217 23
1186 1499
90 479
198 279
43 211
231 37
51 47
291 63
1015 62
922 1203
544 93
30 148
784 311
906 827
384 275
512 262
636 24
335 72
556 212
1162 213
437 23
51 355
417 149
345 3
1194 63
106 47
424 539
1186 245
335 98
821 392
1071 277
915 236
345 365
456 109
335 47
213 413
335 458
345 210
321 94
431 506
345 129
1185 119
385 63
1099 1659
23 125
980 254
380 138
463 301
345 504
507 277
68 327
697 612
693 199
885 282
369 23
840 546
1065 1219
975 1513
465 47
1094 313
309 248
1186 492
1225 52
213 52
249 899
311 306
309 419
1094 48
1177 1194
1174 1146
1123 129
629 176
309 1041
1050 13
870 224
1055 39
603 1
1061 355
54 183
1217 1887
955 991
268 211
335 395
233 17
1018 217
730 1300
715 1004
886 397
782 387
324 164
437 300
154 98
268 37
1111 301
350 199
983 301
625 212
1071 1023
387 959
1123 59
335 14
187 554
51 210
387 317
1061 291
768 258
1094 95
340 112
1041 126
309 564
43 266
360 247
1155 922
732 1
201 217
996 179
209 131
1202 1022
462 54
901 685
462 250
345 179
461 2126
275 833
684 399
505 17
1042 110
886 110
838 0
387 328
1010 127
44 76
2 4
1218 770
889 267
154 43
3 24
545 245
1073 399
266 418
3 17
309 552
198 222
409 301
1012 168
897 1665
437 49
715 1103
51 243
31 168
715 72
417 679
201 310
309 1019
1061 94
96 138
1223 94
1073 924
288 409
735 992
715 103
384 63
382 38
181 65
1204 212
300 419
983 263
40 224
1150 59
376 245
1211 47
1169 85
802 1188
70 10
676 47
886 40
321 171
309 739
201 301
919 1145
886 1181
335 884
1174 40
248 47
216 45
345 230
96 397
356 139
309 258
217 565
533 301
345 149
922 301
880 468
897 23
456 2
302 85
213 0
1185 0
544 655
1071 1229
1072 567
764 47
715 850
899 310
455 1338
766 12
335 334
257 592
183 670
1186 2170
908 211
1131 0
1069 213
854 88
1157 189
697 411
922 59
840 722
381 136
676 41
909 697
986 654
816 619
361 217
1175 1615
1099 167
43 115
697 896
603 387
43 257
44 290
30 1
697 317
220 820
1172 1883
1143 344
630 213
268 344
335 94
840 282
819 427
1129 119
216 473
840 1481
1092 197
311 23
1123 77
302 894
58 23
838 22
128 74
51 88
615 471
906 1551
37 44
335 711
216 366
309 302
1080 788
1094 1467
782 96
81 3
335 679
409 70
358 462
1082 2126
715 45
816 62
1180 62
105 148
885 1377
885 535
1151 333
267 546
1066 554
715 185
1069 129
216 145
1149 179
1071 301
43 127
782 3
892 211
68 409
84 166
886 282
1012 110
735 1551
1174 2177
85 454
1197 462
697 47
288 86
402 909
345 213
872 41
729 2145
437 1374
710 1159
567 23
1186 1500
1073 607
462 1203
51 1
1157 246
51 289
1011 768
579 918
715 245
1155 506
1057 63
1186 272
1197 275
1217 116
125 1
983 45
1082 525
812 125
1204 282
1065 169
803 3
396 4
747 1536
615 61
845 213
43 101
841 1349
934 61
59 211
1188 70
909 62
329 1088
96 396
11 76
1180 1131
859 101
909 269
1175 113
720 103
715 183
1202 94
333 63
271 564
457 458
676 99
416 0
840 326
402 539
442 126
384 217
465 1334
335 160
233 72
69 417
939 213
154 52
64 401
1116 388
850 833
70 420
886 70
1186 563
70 126
127 52
271 282
780 478
715 810
816 1595
955 212
1069 40
939 179
201 2
96 211
402 62
219 494
42 109
1072 112
1135 1734
30 155
12 86
267 23
201 25
1174 48
306 694
1073 94
1176 213
1183 12
914 297
819 286
1130 921
431 151
582 70
1099 1
782 263
1138 210
267 282
872 61
698 88
1065 107
533 592
906 407
993 738
1123 247
512 63
1002 612
112 213
309 151
462 100
803 52
13 88
1139 213
1073 765
1155 74
86 12
424 1349
1231 77
95 426
750 1473
442 458
96 256
1018 650
576 606
123 47
414 678
840 51
456 220
437 407
51 189
794 86
51 213
1111 186
697 171
626 458
819 694
886 271
456 110
938 390
1186 192
345 100
615 86
345 1038
178 72
456 316
1129 171
1197 212
885 61
387 294
818 301
52 302
1217 458
1217 861
456 74
1072 71
1071 1038
1084 179
400 161
919 168
285 956
930 692
963 379
1056 94
906 1380
241 76
186 47
1172 94
1155 180
345 212
604 199
356 143
544 821
1073 244
1084 0
253 521
31 143
76 94
1123 225
309 1026
51 94
983 47
331 474
906 397
187 148
356 85
982 23
70 21
246 284
166 505
1047 1005
1136 1380
493 53
257 148
681 326
267 188
213 211
766 71
438 63
997 1640
1208 1881
886 94
564 1340
908 17
48 151
350 11
381 355
715 167
886 297
886 5
1145 1658
854 521
715 1359
336 160
201 190
462 5
309 480
878 179
1211 1161
459 540
1071 210
636 1440
96 301
13 93
596 86
146 337
417 96
1071 52
713 62
819 962
350 733
841 349
309 829
235 206
1131 63
335 17
215 60
1012 297
1177 0
715 212
681 592
442 2130
442 201
1129 45
37 109
1217 570
474 321
920 101
68 222
914 3
90 199
249 322
1166 1150
345 178
886 296
1174 37
1180 1578
70 87
1209 821
1037 255
1135 481
306 107
1143 366
459 51
108 211
856 151
906 22
1155 63
37 74
715 470
148 344
1071 205
1163 41
1185 1143
345 251
355 47
335 291
788 120
672 962
380 619
955 62
86 109
1062 94
1217 182
1073 143
116 1
309 47
309 749
95 22
1123 1003
891 284
241 199
1213 101
841 212
1186 467
185 130
501 364
257 3
590 63
1129 2
1217 382
932 47
993 455
385 23
483 129
752 1337
187 48
424 94
1189 1776
345 86
3 2
1172 197
51 87
414 101
923 183
213 333
1073 265
1217 1609
819 40
333 445
241 487
65 404
216 681
335 1119
715 86
878 160
1065 721
1111 1232
407 48
213 100
576 605
1062 297
369 1255
782 694
1197 179
1159 1121
233 659
990 301
554 206
1130 210
841 805
896 63
345 214
840 597
345 126
60 213
1183 245
198 47
872 1
1082 199
955 9
1090 63
1186 745
748 1001
854 49
198 293
888 74
404 496
187 313
456 48
108 246
86 77
1179 76
1000 640
257 466
96 156
5 59
345 12
715 572
10 0
680 694
886 211
187 261
889 199
1123 11
1217 1022
1174 0
487 1142
840 506
1066 94
819 167
306 322
996 148
715 277
697 85
4 38
1157 1653
13 98
198 716
889 97
617 211
1128 211
821 17
258 38
43 264
1099 1395
564 1341
922 522
841 551
1163 109
216 571
1172 260
187 626
309 533
1113 126
345 1167
384 721
345 14
1115 474
458 1256
922 1674
345 524
407 112
366 1
886 100
324 409
878 74
819 51
620 458
710 997
382 291
43 3
533 659
1151 38
291 203
309 914
424 250
919 1022
838 31
827 210
345 21
847 86
1069 571
345 172
1204 148
1143 721
1135 1170
1102 211
96 12
387 88
1185 1168
771 61
345 74
1217 721
51 41
51 310
402 1002
637 63
715 57
1123 22
392 864
1217 1190
97 54
1230 1004
947 211
886 1632
1087 293
345 582
841 61
43 213
142 127
241 213
198 341
407 63
187 539
154 213
1211 52
842 521
43 137
291 862
181 48
1166 1667
309 801
1217 275
715 149
411 47
717 341
715 199
297 210
1189 1922
710 219
1197 248
309 906
1135 610
376 70
997 34
347 4
241 840
1082 189
1143 875
385 396
1151 485
532 749
348 239
356 213
268 434
923 131
400 554
886 86
715 52
51 379
456 537
442 113
819 65
1160 449
4 51
818 361
886 1613
1073 45
456 785
201 271
915 17
31 141
923 137
974 554
860 2123
840 136
1129 46
919 1581
484 684
286 11
1217 595
603 9
96 395
19 112
235 178
251 3
470 12
1145 3
905 313
615 38
886 200
715 184
521 12
36 63
533 211
288 208
1204 301
70 280
1193 138
462 890
68 408
718 614
803 422
154 199
387 74
655 199
187 552
840 250
211 1
983 1116
154 14
840 1203
213 419
154 149
1129 17
483 211
1056 1
1202 109
350 1
226 293
219 593
885 133
615 311
681 344
1072 86
378 289
356 152
840 152
840 52
463 379
437 688
919 893
379 815
198 243
1166 0
384 38
302 171
1135 482
1159 88
51 101
70 63
99 212
37 191
249 768
335 268
1076 244
872 756
68 410
355 12
1123 21
217 94
1100 213
1092 213
1185 1559
425 2
30 150
840 164
417 90
291 0
821 148
1063 100
34 76
437 196
765 506
233 97
1166 17
716 166
345 196
345 395
780 94
335 136
1084 94
376 52
1157 51
154 63
335 963
981 90
70 31
335 2
1145 211
150 109
715 582
201 576
35 109
235 167
378 239
412 3
840 820
392 289
747 1537
819 19
382 3
193 690
821 166
387 9
93 486
1123 618
267 831
983 178
229 72
249 298
1175 259
266 3
1068 210
355 494
819 199
782 239
1185 1067
483 212
187 10
1129 272
846 843
1157 784
229 223
417 111
44 291
97 126
356 48
384 9
971 3
1064 1697
96 72
1168 11
372 189
462 109
715 11
838 48
899 37
417 119
983 1001
1143 1
1129 578
1185 71
105 552
889 1310
889 619
1089 179
396 21
805 12
1145 72
1072 63
533 1336
603 36
373 0
462 59
295 755
1092 393
771 269
919 301
1060 390
1000 842
531 137
96 199
411 211
547 821
266 82
1217 71
993 212
1082 2175
921 119
933 48
766 47
345 1026
378 838
1204 86
345 597
1210 133
483 94
1202 301
993 1769
96 3
842 1475
1049 670
486 496
922 41
1061 180
1123 83
1230 1181
853 392
345 22
1118 642
1211 94
919 311
51 12
788 122
437 9
1186 2141
1174 171
1061 179
856 379
456 61
28 136
1185 1875
878 333
955 199
442 171
345 349
667 162
1021 929
780 47
840 261
187 1
886 214
615 63
615 592
1186 1486
794 882
889 0
840 88
1175 307
984 72
888 84
821 1002
886 1103
934 1642
1217 1755
1018 37
437 1209
827 962
462 306
385 1142
1061 310
715 113
733 301
816 1592
216 148
906 222
949 137
1023 25
1217 1455
36 12
186 38
233 62
550 924
940 47
1194 1685
1172 565
249 722
37 22
456 52
486 12
400 52
73 88
187 39
42 250
335 100
181 148
1213 1020
350 211
856 293
309 292
630 269
216 607
888 268
934 841
560 63
715 537
1092 17
567 204
1230 300
827 1662
648 52
51 0
394 237
620 44
1082 1
437 313
46 213
335 438
905 401
1186 211
615 143
533 12
201 419
1068 72
484 212
718 47
1194 253
376 554
1069 52
854 47
889 944
465 168
1031 642
379 131
577 107
96 74
715 77
1022 189
445 1390
1145 47
811 833
309 975
1170 1128
356 77
750 222
463 334
345 749
235 135
1213 434
1005 63
670 222
187 189
1145 337
268 2132
676 160
1230 297
465 44
212 275
766 11
676 37
523 239
806 997
406 297
68 47
819 210
95 496
219 12
35 189
267 37
889 785
860 382
335 21
216 421
385 211
378 441
309 335
81 145
886 679
1217 496
1072 32
120 129
967 86
715 3
267 392
400 171
269 382
859 2124
906 47
1098 288
1230 1643
1076 99
30 154
309 211
918 183
241 768
968 31
1087 282
941 37
335 1022
51 74
919 63
465 48
603 991
442 313
121 482
135 200
1094 129
533 738
818 129
51 211
231 70
719 870
490 52
1065 282
462 178
1174 205
309 0
615 62
548 64
919 248
335 32
1157 0
1113 48
18 37
432 1230
842 88
617 179
229 145
302 83
393 1143
581 996
1094 148
968 211
345 990
1197 993
306 85
201 244
1010 47
981 810
492 21
300 211
840 619
333 567
713 563
1193 199
295 691
187 21
1010 454
922 143
442 401
168 74
906 208
350 47
371 387
554 950
320 217
378 372
11 78
1214 392
240 208
1132 12
70 422
347 288
309 149
160 622
955 1536
1189 3
106 149
455 1239
756 213
233 221
378 688
532 211
766 38
1185 727
934 213
821 63
207 572
142 52
1189 268
1157 1109
345 971
345 127
897 3
697 1
1185 74
241 289
681 434
321 300
335 918
396 307
823 70
784 927
536 897
76 265
345 924
409 211
1157 576
1048 554
4 52
333 342
955 842
411 382
1123 322
1021 301
1047 631
903 293
628 268
96 171
854 189
405 960
201 239
178 61
580 212
183 264
466 22
30 5
1210 467
747 773
437 1384
1068 76
1123 51
484 47
1129 40
320 129
1094 72
142 116
1217 129
1219 129
550 608
886 71
477 907
317 3
906 1719
201 1
1156 222
577 2173
465 3
838 287
442 14
841 894
302 3
1094 221
1175 380
358 212
376 3
1106 301
548 47
766 222
880 958
433 164
841 1022
715 812
37 220
1157 63
506 224
1094 143
216 232
345 245
769 9
1175 44
1057 211
421 111
1230 47
309 189
154 57
710 179
1145 49
381 213
96 149
400 159
1123 153
187 47
51 46
201 22
1131 298
1180 54
886 603
187 0
1072 38
1108 554
3 22
211 294
1064 277
459 462
411 1048
747 1538
233 525
142 382
1217 1002
1175 458
1082 595
499 128
603 503
96 539
380 86
443 85
715 23
871 442
1217 433
1217 86
1230 635
1080 332
1217 53
971 211
1186 624
840 896
909 1132
95 128
257 44
892 411
586 61
676 1035
1230 1317
309 1011
689 565
520 9
49 118
309 213
841 1689
1186 1722
1145 236
927 47
821 1625
465 311
794 94
306 21
933 211
235 31
520 31
1094 540
1045 71
1071 534
348 300
1150 944
1074 211
551 51
909 622
1175 94
289 85
1036 890
1217 637
577 1046
1012 1552
345 255
1179 314
224 321
1143 199
228 771
348 51
335 87
1185 1262
31 160
1129 44
384 333
1072 1598
385 31
455 178
85 41
914 454
596 213
457 237
457 473
589 407
1050 997
1211 366
1186 54
51 186
1145 63
1217 773
1071 1119
383 554
393 212
1112 178
209 72
919 1728
51 307
635 52
1072 396
715 151
1129 115
1092 149
840 1653
1065 1369
43 35
21 48
615 355
909 65
1018 1001
871 191
345 595
1071 797
886 507
441 52
888 3
295 85
96 310
955 310
201 427
414 41
393 137
1082 311
1217 389
1194 1247
42 247
369 22
1061 62
782 136
154 42
827 239
1226 500
224 749
1021 355
294 217
843 1374
1084 53
697 338
442 129
1050 702
906 94
1177 1247
1153 61
1202 1662
993 1748
445 44
97 48
147 199
408 23
837 47
1094 101
387 688
554 31
241 72
983 72
360 0
893 129
1195 189
983 199
1047 52
1155 77
457 208
1156 37
387 0
1111 211
1217 0
813 85
1136 148
309 345
1094 395
153 137
174 34
1012 117
886 195
646 99
1090 592
43 62
232 694
96 210
393 21
10 74
226 94
919 291
456 63
1214 313
335 496
1073 793
1155 12
780 93
1100 842
201 258
118 301
364 722
268 592
105 51
782 841
828 99
1073 282
797 211
181 12
1076 1001
400 17
1178 179
269 882
1146 422
1118 1304
1073 432
520 838
465 5
498 47
445 109
1036 554
331 679
364 496
309 209
959 210
715 210
335 171
86 462
939 212
1012 544
715 594
715 51
543 213
345 913
123 85
358 21
965 786
345 299
1186 842
1166 197
782 137
1163 84
618 97
1082 1195
408 59
228 216
345 138
1194 1002
720 86
181 597
69 77
911 301
465 322
1069 48
1174 224
217 47
437 113
941 92
715 101
437 235
1012 51
297 342
1163 906
889 487
644 45
201 530
409 17
341 642
1172 137
1194 179
437 36
1123 1874
387 248
309 90
1018 180
550 141
86 1
591 637
37 228
819 1373
212 774
456 1421
1072 51
1185 301
51 311
462 301
232 0
18 109
462 0
774 23
406 126
1174 467
154 179
1175 135
258 109
1000 747
840 422
43 14
28 23
801 61
840 289
715 71
1189 427
886 0
1213 738
715 1038
879 88
191 70
1180 1786
1217 128
366 297
1145 344
1123 47
437 162
269 63
376 171
833 213
64 94
637 213
1217 1601
417 31
1179 85
983 110
732 51
636 407
465 51
1174 1635
1035 183
803 178
96 372
81 211
379 156
759 0
96 526
120 148
51 262
129 379
531 563
983 349
715 78
1003 129
1102 554
922 148
96 62
462 262
201 210
335 0
302 162
1159 1603
886 1111
408 62
306 637
1137 582
1178 101
486 311
1094 179
1179 63
520 72
345 269
615 110
23 100
356 2130
402 1092
889 1423
1186 1080
387 236
986 137
198 137
553 108
437 148
756 3
345 41
1071 1473
841 73
216 51
335 436
96 11
1174 42
95 375
1230 339
321 1
235 199
533 54
1197 211
345 65
1230 148
455 64
1136 64
306 23
125 85
905 54
821 74
345 643
38 51
213 17
456 47
886 729
153 136
840 592
360 565
622 306
1172 407
872 5
338 137
442 1052
1084 1001
1060 148
96 121
1157 382
1206 1264
456 1253
1202 151
31 167
309 36
692 94
1123 150
345 11
886 1186
1138 642
34 65
1157 1581
715 269
679 70
567 47
387 116
13 97
885 2
1150 681
715 221
715 222
380 310
106 178
981 172
125 12
216 593
345 225
1073 782
905 1213
886 1710
441 3
95 74
331 344
828 86
387 148
309 230
1102 31
435 63
249 428
1008 211
1174 334
886 1518
983 11
77 241
79 116
108 47
671 1
96 129
335 40
906 740
556 213
618 458
922 61
460 2130
498 178
905 3
364 138
216 63
46 31
1175 831
782 54
241 485
837 85
269 2123
633 331
544 1491
1218 397
615 51
615 212
1186 1048
235 129
187 86
1071 23
347 178
1071 38
710 99
615 0
360 282
16 12
983 299
1171 59
715 138
291 301
631 1262
818 45
878 3
267 12
485 213
36 3
417 21
1172 65
345 52
1174 70
348 207
550 379
1037 94
1057 313
619 52
177 650
533 1467
1213 94
782 1018
827 31
715 263
51 151
257 809
917 38
309 342
997 98
889 111
311 131
1082 137
156 28
408 399
216 2
37 214
732 211
1186 1310
96 316
345 211
526 397
22 101
154 61
198 94
596 3
51 245
806 23
266 654
49 94
335 97
715 293
1217 4
1072 213
1186 53
311 21
229 1
901 382
1217 214
457 245
993 1199
854 1
154 31
357 162
335 419
828 85
396 199
1202 1252
1174 38
356 599
696 213
955 834
30 141
1181 2
125 592
1180 544
76 9
886 333
1217 2132
919 1523
213 37
1123 578
1170 3
257 47
376 116
1111 543
62 31
345 90
187 178
840 1134
338 141
615 94
1191 13
105 211
43 1
335 507
761 382
715 631
345 1178
395 190
302 688
1102 180
889 387
1157 1887
345 248
142 595
378 74
456 397
941 1048
777 79
836 21
267 210
504 1010
819 1558
828 14
999 51
1066 52
85 97
550 139
1073 1034
1073 538
906 63
1217 31
644 211
251 199
95 0
51 366
582 1242
1145 88
881 211
617 210
458 37
1185 282
131 602
715 187
1186 722
1083 310
885 1101
42 225
1009 127
1002 44
472 172
833 59
906 293
591 197
266 702
345 57
122 236
715 1112
12 84
1069 397
1084 48
886 521
181 90
1155 171
897 785
438 189
1071 623
1172 621
85 239
442 625
533 637
35 183
1217 247
854 396
819 914
1066 41
70 428
840 1641
226 149
96 230
834 2
70 45
1094 332
615 265
715 595
51 212
564 241
1145 650
828 1516
889 366
70 129
462 162
1035 17
1082 148
181 287
415 212
97 544
268 23
567 297
1186 1483
191 168
60 76
358 68
267 310
345 1060
1166 137
1168 301
1113 454
1234 1912
1123 12
449 54
417 91
335 355
130 70
112 47
1155 0
233 0
1157 72
437 213
1118 224
1157 148
335 23
1073 41
1185 1310
51 224
335 71
213 201
1206 1255
856 392
1215 401
697 688
456 40
1217 365
37 37
1145 1
729 212
37 100
335 554
201 255
1155 239
1157 3
355 954
1150 47
1217 199
886 12
715 1229
213 212
889 572
799 3
516 94
1186 870
922 137
302 52
85 183
37 40
1112 45
906 142
596 85
915 109
889 1060
675 428
30 151
1098 149
836 22
591 189
201 23
840 212
309 760
1163 293
886 291
840 129
764 297
442 211
1157 44
302 59
36 21
1140 1168
381 366
291 201
1123 23
387 211
841 84
941 109
1071 72
983 2
769 397
1153 1156
345 485
733 96
828 37
739 172
453 1413
311 163
1072 109
1145 399
827 86
1086 127
51 314
42 252
915 361
825 21
955 94
1179 37
79 109
483 86
42 199
257 12
213 612
387 291
178 75
411 3
51 136
321 447
582 820
335 259
471 52
417 74
766 311
270 564
459 199
160 195
335 45
1171 84
889 1641
1186 1489
59 99
271 94
42 112
1073 838
335 397
886 162
378 63
409 222
909 343
1029 399
240 310
841 597
533 2141
1044 1
106 45
37 222
1197 199
1094 307
1180 1979
1191 172
48 3
531 1443
507 487
483 148
604 136
380 282
51 301
457 851
1115 422
1174 23
189 178
466 94
345 77
1185 63
5 65
1189 2130
892 37
1166 85
411 679
1073 0
1145 148
44 74
533 55
437 31
1092 361
955 1362
715 63
1065 640
30 157
465 12
249 555
387 563
43 256
1174 1
828 47
554 1451
886 496
22 11
179 487
1180 841
841 306
70 300
1157 301
90 47
593 0
365 21
1157 211
630 51
346 37
1186 2172
769 213
378 442
358 210
1123 2123
345 1096
1061 1035
923 136
1157 214
96 110
1186 592
112 94
1136 109
956 1384
671 23
622 399
456 361
889 1440
520 1052
253 148
216 263
1036 1143
335 244
30 152
201 725
51 96
232 849
253 576
733 47
1071 1152
462 61
1013 3
1082 612
456 298
1102 65
201 755
1099 2
1174 57
900 70
1231 76
715 1023
106 504
1217 525
872 3
416 414
1057 213
1217 9
1186 37
378 168
603 94
51 202
397 0
1202 564
345 136
720 85
819 918
1145 1597
506 86
886 213
1155 399
417 41
900 116
782 1000
306 96
51 244
976 302
465 0
1064 1327
856 172
298 997
1186 1336
715 160
697 295
179 138
813 280
345 114
838 21
345 59
507 52
615 52
1189 1229
345 110
1189 1389
1145 101
1069 301
23 126
782 213
333 992
417 714
1145 38
396 222
1138 310
437 202
636 94
79 3
335 31
867 212
385 162
825 725
603 275
1061 212
1211 397
229 567
1217 1253
766 37
439 1278
1060 71
1099 1026
96 37
1137 211
540 11
840 638
1071 1717
715 1046
577 1509
983 52
250 397
345 539
335 138
997 1141
178 397
364 604
335 151
457 1138
620 38
974 0
51 226
213 169
1023 241
456 1425
582 86
462 137
676 295
934 301
387 85
1218 213
334 10
96 88
357 1227
715 366
306 979
178 94
1186 217
840 283
366 3
366 94
910 45
1092 506
499 71
1063 1448
564 875
909 37
209 119
271 944
767 217
1056 554
1178 199
1217 1611
1183 997
892 237
1073 147
628 552
889 127
885 199
531 1077
955 382
383 80
1157 230
752 690
1159 1626
1159 1092
1217 2161
715 387
1012 109
863 213
1200 496
1217 1650
818 138
1145 474
886 758
1205 407
335 113
309 3
1198 293
504 485
840 664
385 137
1065 199
1166 901
291 190
309 396
566 1168
1202 546
1127 399
391 1173
898 119
79 217
1123 131
554 195
442 301
197 222
828 1150
540 1338
383 1145
850 0
357 171
533 467
768 1078
387 369
251 94
457 1205
3 48
1160 216
376 107
485 1334
586 277
208 211
1157 90
286 563
1189 245
1166 22
631 9
465 301
533 212
70 419
187 394
400 1287
321 96
897 1121
886 199
213 777
917 45
1230 1308
888 968
384 11
1209 86
201 637
486 129
689 237
897 1076
1157 241
993 554
909 1440
37 52
96 38
96 247
1218 12
486 38
461 307
681 37
591 888
417 12
1094 301
1127 17
676 1
51 2
345 487
1166 35
1071 319
402 222
498 45
187 393
76 116
378 248
387 789
118 494
788 123
335 59
417 1327
387 525
889 301
5 38
100 427
1217 2
1223 51
1080 333
1174 914
257 179
661 973
417 563
644 162
1217 282
306 0
591 887
648 296
1018 101
1076 129
718 74
803 94
886 1383
465 171
31 72
355 1060
442 1143
1018 99
249 293
125 77
379 109
37 213
89 148
640 277
181 85
1065 47
1003 38
889 196
1090 77
762 297
105 241
465 785
62 397
442 718
624 1364
311 5
715 672
1217 1874
909 148
825 1134
345 137
1217 63
1224 221
1174 631
345 768
1217 1
1218 149
997 1613
281 249
827 820
640 494
507 247
995 148
51 214
715 133
262 786
977 301
385 136
1159 18
465 126
928 202
364 785
201 722
457 582
358 211
862 86
512 414
872 159
309 168
767 148
309 212
216 212
333 993
402 907
1230 72
335 727
335 12
1082 391
267 21
470 11
51 333
96 533
600 474
442 703
1069 94
212 770
62 12
417 357
919 962
1073 221
1138 316
1159 197
1214 207
228 568
1071 213
1230 236
905 0
269 76
715 494
246 290
1172 47
198 178
387 379
442 162
1186 12
925 618
640 189
186 88
437 2
897 74
306 253
309 241
456 23
86 300
309 565
300 47
886 640
69 149
567 396
309 341
856 956
603 11
644 47
841 1581
881 301
43 74
847 31
345 925
840 59
862 23
1185 1150
1217 589
1163 1315
335 62
1043 59
1159 979
1185 162
840 2158
557 248
1175 1814
335 103
615 157
402 12
1112 924
345 38
201 36
1145 71
154 62
715 49
812 48
902 307
967 103
306 597
1082 52
35 149
715 44
301 224
1056 1883
1157 151
618 5
1159 1426
213 78
1136 241
181 211
455 55
364 127
378 83
1069 11
1123 589
154 316
207 12
533 1080
983 314
358 94
1166 880
462 458
985 47
897 39
886 88
456 1426
229 239
189 94
265 80
615 37
863 47
309 326
955 771
708 301
617 295
51 109
983 23
1173 565
747 5
919 213
955 496
1202 525
267 11
1217 191
889 47
462 316
222 293
1056 127
983 511
201 129
1189 31
439 138
1186 1484
12 22
827 898
766 1005
1163 95
457 77
37 168
1149 109
291 244
291 979
267 94
582 1232
845 1717
462 63
266 924
1189 85
457 926
840 596
1018 179
345 63
1217 44
888 615
840 791
676 77
1217 592
1213 552
955 53
426 1170
70 127
854 138
1215 77
443 406
888 83
681 63
291 268
975 211
417 88
1084 100
983 262
291 365
880 301
187 307
227 785
442 49
1166 40
359 405
697 189
825 288
871 76
1136 66
345 563
715 297
267 211
70 423
364 552
750 23
540 614
845 49
782 301
651 956
840 824
378 458
1166 1348
1065 191
1073 998
285 154
1159 1764
213 47
886 423
1143 1665
345 307
233 11
335 401
1101 1222
37 225
765 40
672 1
615 247
540 382
1111 279
248 86
840 21
65 5
1068 291
548 597
187 87
153 207
513 1401
603 148
1186 1487
411 771
715 1144
840 148
955 977
43 136
799 109
1217 70
465 125
345 221
1021 63
96 307
309 322
906 217
1153 1576
933 301
1123 938
291 971
3 47
1072 540
201 94
782 769
407 389
1213 333
533 53
586 321
31 159
432 72
356 119
545 568
769 3
1195 133
889 442
645 148
13 47
233 471
108 565
812 126
1230 96
625 884
970 165
222 786
335 37
48 62
919 1517
808 2126
321 178
1072 904
1159 525
892 44
106 119
828 244
1186 676
955 1202
785 109
213 65
416 3
1094 1149
847 1513
886 396
187 3
198 86
437 541
1078 47
237 211
681 11
615 59
856 41
812 296
697 151
417 368
181 133
367 213
840 781
455 307
31 163
914 271
533 546
1230 841
461 884
840 151
728 956
951 313
424 61
661 385
886 148
307 921
1112 998
1094 962
22 3
644 213
456 998
335 145
309 245
577 2139
664 589
1185 409
1011 48
775 237
872 17
335 61
840 1661
906 1499
919 210
1217 211
557 3
294 3
909 213
228 0
668 56
108 148
456 268
1140 1034
1217 97
437 1118
1217 208
1065 3
531 293
102 211
345 306
886 126
1092 543
1132 0
967 85
198 199
95 311
886 87
841 75
216 399
788 2124
1151 10
823 833
268 582
665 116
620 314
1149 301
465 63
604 774
1145 37
995 211
44 289
213 136
462 788
922 136
1217 1004
335 48
823 52
1136 38
97 127
1138 62
866 321
191 52
431 921
1130 262
227 210
1112 47
1185 1349
1037 554
345 871
213 148
233 151
298 1
872 313
269 211
51 217
35 180
51 3
287 217
59 392
906 31
828 587
1072 237
957 769
813 1254
1082 896
906 12
1140 199
409 1
335 183
838 74
1166 217
1183 31
1073 1003
647 52
1136 1581
782 88
149 213
376 457
143 103
462 47
31 109
345 366
955 222
938 572
186 94
356 70
1202 101
608 47
228 282
213 437
615 39
70 211
1048 52
249 658
258 227
897 48
201 151
486 275
1128 109
616 23
628 155
187 213
922 1252
320 85
1189 199
1210 1
1076 52
886 595
335 870
1019 211
911 45
1206 618
387 745
484 52
1018 94
906 494
2 13
453 61
524 71
335 722
838 754
1179 781
1128 148
1052 1742
909 300
1178 1760
462 179
1002 180
345 1022
266 892
993 649
334 31
544 291
840 447
617 72
335 18
715 298
1071 1738
1217 552
1056 1146
400 230
213 569
828 1233
1172 244
840 112
1180 1642
729 12
226 41
1217 196
1217 785
355 553
896 12
715 567
922 1442
1230 88
60 63
300 61
593 1060
409 236
906 419
923 187
1155 86
465 94
186 420
1218 414
326 237
321 597
382 544
1094 656
877 419
854 100
715 178
408 617
1094 254
51 258
813 52
818 47
379 618
309 147
840 972
885 1397
406 125
1123 3
1186 546
911 178
983 1247
1056 48
1039 199
1137 213
1160 37
37 129
507 0
800 1543
531 72
502 224
823 1459
840 535
1217 1537
533 1283
3 36
615 290
1012 1001
715 37
604 3
1072 1578
345 109
241 143
828 52
459 392
37 0
1138 880
1072 301
311 290
872 923
309 456
378 131
840 295
1163 11
909 74
1180 1952
213 159
216 293
233 321
840 116
258 311
813 22
1041 918
301 934
345 401
1082 222
123 217
335 307
640 12
1185 535
1179 47
927 52
207 211
1083 47
455 228
371 148
216 211
335 221
37 232
1073 259
96 14
141 45
371 977
1223 86
321 88
1137 222
769 94
622 301
866 311
886 1665
341 990
335 965
983 275
615 301
366 47
257 407
51 143
1157 87
385 61
122 17
187 70
1123 199
567 277
885 422
1206 1011
697 216
233 96
1178 37
99 52
267 45
889 221
1072 101
357 63
1183 23
1179 180
201 552
1188 854
465 297
892 924
1000 115
16 31
1072 875
350 38
1168 21
827 148
1071 167
547 655
364 162
819 164
888 1161
384 224
409 768
1132 64
986 210
213 786
819 136
1138 151
840 1467
639 337
345 1128
358 311
1157 47
886 161
1156 85
715 561
335 262
1177 74
1194 222
802 1574
68 411
1145 1026
335 52
1174 210
692 752
603 52
154 12
840 213
35 187
1099 1130
244 897
615 162
1065 168
1217 2011
647 47
213 143
348 1074
309 508
697 2126
872 684
70 1
1218 266
187 2
616 631
235 52
1072 272
291 307
345 344
96 528
1213 625
666 61
885 688
1084 57
1163 199
201 87
36 199
356 1172
856 11
201 289
442 496
1127 21
806 409
187 211
442 11
871 166
1177 481
475 3
1174 1001
993 838
983 213
1157 1895
1145 368
1185 1309
306 94
1217 1398
1230 51
891 11
667 313
1174 178
1174 43
188 5
311 552
96 297
1202 72
909 1168
1174 12
1230 65
1217 94
1072 395
582 419
249 486
44 191
581 465
1018 1
1175 1437
1021 47
676 129
1145 1203
372 1257
955 237
617 100
43 277
291 654
1217 202
1163 166
187 401
840 566
1183 409
105 86
603 23
335 51
910 47
710 363
407 107
387 22
309 221
456 94
356 12
1217 1373
615 478
106 4
96 264
465 148
350 485
1204 85
1021 62
335 396
853 399
43 282
442 195
424 54
518 148
567 129
355 162
76 401
345 236
1179 300
387 722
2 14
615 180
1136 236
813 23
378 440
311 439
352 1051
198 89
892 872
201 248
335 924
713 397
922 47
677 1567
1163 307
456 1420
142 552
1217 831
309 1038
417 1317
201 126
906 1
1177 938
1082 1581
390 411
1094 127
355 24
309 311
96 266
51 2128
1066 47
625 148
1153 450
465 211
30 139
1116 59
271 409
596 604
615 694
1197 543
840 85
269 189
1179 962
769 199
615 202
345 301
95 94
1174 1518
1111 236
456 236
889 197
1185 1986
872 282
889 172
821 614
51 264
335 1038
920 41
1202 1119
615 1311
615 197
364 12
767 559
840 2139
1217 51
622 211
840 977
906 39
955 488
213 11
880 74
253 396
1166 301
1157 77
1082 197
179 659
356 94
396 1039
1145 1233
154 1
96 255
42 222
301 47
335 1116
483 824
840 170
184 544
96 214
1157 257
866 5
335 372
37 1
901 422
1166 485
856 833
179 77
257 145
1123 467
914 129
897 333
437 85
324 211
400 100
533 870
1177 419
886 89
512 180
1092 211
1010 178
911 47
345 282
335 474
89 377
257 293
1145 0
391 12
335 296
1185 222
414 563
333 88
1213 151
345 297
1171 137
1166 419
154 429
550 838
1166 109
345 1132
1140 397
1132 255
62 1
335 771
1206 313
231 843
919 1305
976 0
767 614
321 222
198 23
233 597
840 74
76 131
421 170
1136 12
302 84
1183 77
1136 688
385 316
216 109
880 349
1056 180
847 427
178 248
450 333
89 151
213 220
1217 12
1071 121
533 180
1061 23
445 1152
730 52
483 52
878 1
1218 517
387 62
424 534
1064 143
1145 77
906 210
593 167
1140 959
913 94
1202 212
395 1266
1217 1406
1217 11
201 658
771 51
345 94
378 439
335 595
1052 548
43 53
198 31
335 313
1065 76
249 487
345 694
109 567
212 199
689 1
309 458
1157 129
396 71
557 9
198 220
348 306
889 537
1219 137
51 216
397 133
355 789
939 211
385 160
345 61
462 136
1111 213
710 63
253 109
1179 619
384 3
870 1440
986 301
70 178
847 126
231 99
619 94
51 22
1076 47
1157 522
379 441
3 41
338 72
302 1003
112 62
955 90
411 694
242 37
1084 63
380 984
627 973
358 47
70 2
739 171
715 454
267 395
615 776
49 127
836 773
782 138
577 821
919 297
387 23
241 565
1170 1068
889 1727
96 510
794 47
1083 52
1230 101
1186 637
881 210
550 388
859 123
455 68
1159 1714
385 554
993 568
1217 434
715 61
715 148
1213 88
106 61
856 199
471 213
1061 1863
715 407
431 1219
615 316
1155 85
715 1
345 806
974 94
357 119
86 2
86 85
1066 129
1076 268
1076 1
1012 100
142 612
1068 2
892 148
96 537
996 52
345 128
51 59
886 540
752 48
59 111
919 299
345 247
1028 52
295 576
1175 109
607 422
187 498
1166 540
1186 1491
1033 47
51 99
672 2123
889 135
228 503
1082 771
615 775
1123 110
387 694
540 77
335 590
141 47
1177 653
586 23
1189 47
1175 148
989 1011
828 178
306 222
51 295
886 614
872 12
782 568
35 151
1157 221
457 16
1071 686
64 396
1179 12
548 691
739 101
591 392
485 0
198 52
886 568
170 392
697 148
22 119
347 225
988 47
1175 23
1178 129
906 21
147 615
355 1143
715 47
689 52
881 148
1111 65
607 21
999 2
69 239
62 395
996 293
1188 1232
747 774
402 44
1175 3
1018 554
558 264
262 211
955 334
891 637
1196 6
671 111
1155 572
1061 31
1197 721
845 85
1065 48
364 137
1219 727
378 141
1174 1633
1177 153
1065 94
70 334
37 199
1145 241
1166 99
1204 12
1224 458
335 321
457 250
183 668
1068 1
872 74
356 65
821 31
840 94
618 733
1108 52
309 997
285 166
456 178
1012 421
335 22
135 607
268 409
1217 2190
827 77
752 148
1111 37
1102 51
492 288
154 51
249 843
248 178
345 293
300 109
1217 1307
62 2
181 213
587 275
1163 907
213 465
766 171
901 504
345 96
70 222
335 785
108 563
1071 390
1213 136
335 3
409 171
993 1418
794 52
1145 582
333 189
1011 211
1185 890
382 74
456 271
603 210
160 94
89 93
618 947
745 41
615 72
1073 47
1092 47
906 100
445 74
385 149
199 38
335 1105
385 212
1094 149
43 222
886 395
213 138
1100 147
767 236
985 432
1007 129
1212 687
453 450
1072 293
1055 0
1159 278
695 111
462 23
1163 379
715 33
1140 349
466 217
319 88
96 311
409 100
724 77
95 44
1077 2
919 1448
43 97
819 179
909 63
64 99
257 211
44 136
889 664
1174 222
306 1011
309 23
886 401
382 496
1129 47
51 199
911 63
291 40
838 473
618 210
1223 31
417 356
269 160
1197 148
1159 222
1180 53
1082 688
309 1048
1218 148
715 40
1071 842
1145 136
1185 1167
51 77
1221 116
1166 136
845 86
819 1252
1073 1887
1179 94
387 149
914 48
1217 83
1183 239
457 1146
1179 23
345 564
96 145
382 37
400 59
955 268
816 1591
983 914
922 1111
358 275
1204 70
603 47
681 23
897 2123
752 396
267 577
372 11
681 148
224 264
400 312
424 148
1175 1
1145 910
729 222
995 52
456 195
1136 63
1221 1485
309 977
424 293
1036 314
1217 1146
380 213
387 552
1230 62
1217 749
1061 41
112 211
456 84
1136 68
1230 540
18 0
819 311
872 183
1185 344
216 87
387 136
212 5
227 37
1166 47
1094 63
1003 94
520 649
715 213
291 167
689 17
619 222
800 0
235 63
1230 1298
1023 138
70 71
201 317
396 557
919 266
96 288
280 41
1157 22
1036 47
437 48
564 678
955 1665
96 382
856 170
228 225
1066 45
76 277
291 385
840 1604
263 60
456 297
888 1274
1099 1551
485 301
615 1254
729 85
919 127
886 1157
465 1
201 21
867 109
395 974
302 333
378 76
892 76
1123 85
1021 168
457 5
715 512
1170 1518
1194 85
1157 829
1072 182
249 733
321 782
309 68
710 535
267 17
5 61
1028 297
70 3
364 612
615 1026
463 77
232 576
993 94
819 301
535 924
345 71
396 47
715 1118
1213 353
306 63
1166 121
306 11
1166 170
1072 1281
609 189
54 118
1055 212
880 469
1189 22
35 185
880 962
818 568
1185 1560
1094 90
116 163
464 197
1157 152
818 12
917 510
64 101
3 38
193 168
886 113
376 94
385 52
369 12
1123 694
9 72
428 52
531 63
456 419
531 301
813 12
3 21
854 261
213 385
335 316
383 1132
437 142
676 727
198 213
676 801
455 433
187 388
437 625
456 211
517 63
1171 222
125 450
813 94
257 61
437 718
715 76
186 71
1113 47
1066 1411
715 53
1179 973
1068 787
417 212
297 71
1072 1727
154 395
241 88
617 94
1166 392
168 110
191 11
1021 2
717 62
300 76
306 815
840 5
462 217
1028 47
237 564
1217 301
466 85
919 1546
1055 254
857 180
1068 293
466 12
1118 588
112 467
897 70
1217 179
490 11
615 221
376 47
1179 2018
233 3
1185 18
1094 468
886 301
819 72
1116 1168
188 3
1072 0
1174 311
1143 21
1102 297
715 211
556 211
380 361
913 1109
681 211
216 565
737 839
269 191
1224 1310
309 394
198 3
31 96
241 531
1056 100
819 1118
181 94
417 1349
1168 213
813 133
1202 295
1139 211
477 11
216 0
678 48
1166 164
715 41
1137 361
227 211
355 472
409 223
48 131
840 79
198 205
222 793
198 129
1090 439
906 1298
665 52
385 1203
779 40
201 31
993 650
49 297
198 715
233 863
187 576
366 48
1156 2
335 179
985 52
229 109
96 517
959 35
309 5
249 397
1086 321
291 12
302 11
588 516
361 247
345 650
1230 301
463 133
465 300
233 739
96 63
364 555
231 217
1084 301
886 127
1102 63
335 187
396 372
44 63
96 361
1156 86
457 79
550 110
1153 948
813 1052
715 396
1189 539
335 833
799 11
1071 1361
345 554
4 47
335 218
697 625
1172 521
465 23
1185 149
648 47
31 3
993 129
1217 52
840 637
3 23
1140 326
821 59
269 52
364 331
840 0
456 0
715 46
358 217
55 143
1072 463
1141 87
187 196
1204 213
838 11
345 300
596 87
1071 573
1174 63
1123 306
604 1536
86 136
618 901
847 127
229 2130
771 316
249 146
872 52
715 21
812 767
309 74
453 145
257 62
1073 141
1217 1023
648 100
229 3
841 0
308 5
187 216
991 890
1073 34
1157 306
1177 300
63 171
341 21
1194 99
335 293
36 44
681 152
183 68
51 23
922 171
828 63
720 1018
128 137
448 22
1230 151
442 47
51 62
840 563
99 47
335 266
615 195
51 137
358 773
859 122
364 768
617 126
644 224
335 211
1156 77
540 47
126 11
615 211
968 301
229 219
982 2
1021 61
1157 208
596 72
345 537
891 1011
715 643
886 58
885 308
85 424
1166 72
64 199
997 314
1230 23
1219 1931
1145 2124
42 248
1084 1
70 415
335 801
378 172
43 168
1136 222
955 1294
201 51
1082 338
308 1018
689 85
1206 341
117 576
90 227
257 731
350 922
462 135
1202 137
335 301
96 183
51 183
1186 1493
955 307
69 44
1217 48
30 153
456 546
766 1518
345 189
307 878
26 134
345 1108
462 291
997 721
335 1103
715 109
437 262
2 5
787 2
187 255
1138 211
409 129
909 47
1047 1449
96 23
1005 213
442 222
378 906
291 261
1076 178
1115 685
42 47
142 225
560 282
1070 421
335 697
1174 94
955 148
289 755
37 87
841 21
587 94
1046 11
1196 992
955 83
335 208
46 293
676 972
733 94
1073 156
638 636
906 1294
62 127
96 71
1217 148
1230 538
1180 1377
1230 61
1202 244
86 249
309 190
332 213
928 201
710 74
518 313
348 119
465 268
86 47
442 2
819 761
689 875
108 307
1189 162
819 148
608 45
201 11
96 167
86 460
532 310
615 322
1094 554
906 44
294 811
603 31
1202 12
1231 664
309 92
147 414
147 288
1189 23
321 721
335 421
466 3
599 52
187 195
710 268
993 211
983 383
1183 199
735 1094
715 301
1157 593
717 47
188 12
1204 409
547 1509
1175 77
635 94
1123 71
457 211
462 1168
891 104
465 149
1082 1580
201 152
1111 23
437 620
181 199
1218 1258
1064 1352
85 31
1179 262
872 160
258 47
582 211
603 212
840 262
383 138
455 47
715 497
1210 100
185 674
4 50
1140 513
383 52
378 199
889 310
925 284
133 313
624 63
866 927
49 47
106 214
1180 87
363 3
1076 51
1140 538
3 40
411 607
181 62
186 313
198 85
1072 129
229 723
838 884
1145 199
1185 148
48 5
892 160
345 1001
228 53
366 565
95 52
257 63
689 86
896 0
228 12
1004 100
840 24
574 37
384 397
955 722
198 694
856 171
828 522
1012 23
1145 109
336 313
927 1048
1071 725
306 12
1145 96
923 269
335 310
51 45
280 88
335 637
96 51
511 213
373 191
345 88
715 248
1155 833
622 48
565 1257
409 138
828 3
906 901
1174 1076
1174 1005
94 224
860 605
380 721
622 148
774 111
1094 1007
919 220
309 1022
387 469
1094 126
306 74
345 1121
470 690
366 199
782 721
232 422
1132 455
1163 439
697 197
1213 255
291 272
1186 2125
1159 12
345 62
372 301
51 321
1166 1563
459 99
911 1154
1073 151
1217 880
715 291
149 211
456 212
307 815
533 192
5 62
832 392
186 63
919 48
713 199
935 1360
722 11
187 77
187 12
1092 212
251 52
288 721
723 129
993 151
1073 788
768 148
241 211
1186 841
1191 168
188 2123
402 142
889 110
300 582
232 74
615 3
248 103
335 212
840 202
1123 37
462 258
335 77
181 136
880 322
715 1482
766 1635
2 9
345 50
168 638
409 85
380 894
335 1093
291 262
335 148
905 162
1186 1467
1006 179
409 3
122 149
12 87
309 332
676 918
387 83
417 243
187 61
1202 210
154 172
782 397
533 1310
249 896
586 339
181 86
955 217
1021 291
1018 48
878 382
327 215
906 310
3 3
534 63
955 2126
264 213
154 47
1090 733
1071 1798
715 258
345 2
1123 1255
1224 1186
345 1186
187 110
821 1103
395 533
112 12
69 76
811 399
35 31
335 116
1226 1476
213 496
564 38
335 875
628 77
394 110
821 12
819 48
1174 36
1064 3
801 552
378 294
229 407
309 37
567 94
44 0
859 11
1230 19
43 55
1217 65
838 100
335 163
1179 86
1071 292
154 236
648 507
1215 422
1226 63
1083 94
309 537
1130 886
792 222
379 212
89 47
471 47
125 3
51 316
567 125
213 63
985 263
1217 1900
715 321
416 307
187 297
1123 44
593 1
710 148
5 64
819 244
771 211
453 869
919 126
1230 129
909 135
402 906
465 1022
213 166
1174 167
96 258
1217 47
266 506
823 595
456 51
187 23
378 61
893 1018
1171 47
1082 216
871 1133
154 366
269 179
442 573
764 94
96 212
818 1383
676 101
62 47
791 2126
1217 213
715 247
62 171
863 494
905 5
1082 212
521 0
11 77
1011 11
1204 1648
1217 1262
615 119
618 12
1175 11
909 19
922 62
1217 248
378 149
996 21
309 143
1213 643
1094 1835
715 62
51 90
43 148
615 1038
235 12
1175 21
1214 160
689 2
615 854
51 334
1071 313
456 917
1202 1294
460 52
1213 405
358 148
747 3
582 77
261 588
37 88
749 37
1123 40
588 687
761 224
906 162
1157 1841
1094 178
187 51
13 94
227 136
1047 45
905 44
1116 237
345 31
269 94
36 11
76 156
819 212
695 23
309 333
126 333
309 815
1111 183
823 419
872 70
409 51
1082 625
747 136
235 419
1160 109
437 3
37 224
213 163
335 639
1123 407
1123 63
36 197
718 23
881 59
1082 171
527 212
859 120
437 100
634 17
249 93
1072 52
1230 14
1100 321
1018 0
604 773
1166 112
862 49
456 277
445 393
1148 614
307 236
442 48
70 38
1116 256
96 178
768 0
871 99
1129 582
341 63
715 465
1084 195
297 567
841 258
983 51
1060 47
1155 222
5 1
974 21
345 722
697 222
345 382
19 111
1082 850
1218 211
400 289
463 5
345 51
70 217
335 44
385 521
233 574
1178 1281
540 211
233 1
43 38
1113 271
387 1
840 1192
387 1177
486 61
464 494
704 17
416 973
872 63
759 74
345 1
402 101
414 949
841 959
955 1360
249 473
1186 223
1172 615
1076 301
1143 85
1213 1597
886 149
1066 195
231 455
1163 170
1217 279
287 654
1172 207
465 52
838 1307
863 9
1186 180
872 71
596 1173
335 180
85 52
735 63
233 451
1012 1116
186 1
547 93
615 149
766 467
462 197
345 108
142 72
818 52
187 13
154 171
888 0
771 213
37 208
999 1
832 608
715 100
385 301
1201 750
233 419
909 1585
1174 47
941 236
1113 297
1230 310
498 554
501 23
51 196
1069 713
382 52
1072 3
1186 1485
816 1593
154 70
457 539
550 684
919 216
1155 2130
13 74
715 690
547 1491
335 297
267 25
880 11
885 1062
729 94
512 1023
1073 776
886 63
187 38
1060 364
492 0
345 693
1214 282
892 1613
1129 60
456 44
981 679
136 608
1186 2171
560 148
49 298
1219 310
828 680
1159 1349
358 337
409 179
345 47
533 1490
120 295
187 680
1151 129
349 47
188 280
465 248
309 459
1189 12
818 94
974 80
309 48
906 291
51 119
616 101
766 36
107 190
540 679
909 202
886 313
187 422
1189 63
1172 127
345 2146
409 72
854 212
897 62
1157 1904
1175 1427
919 1710
1072 85
591 1532
863 496
919 110
335 225
718 0
854 300
1230 272
919 323
1155 41
886 263
1189 1429
889 806
603 48
1174 1118
1230 63
1094 45
60 172
1153 537
1218 2199
86 76
1185 3
889 871
752 262
565 1256
42 50
234 880
564 101
409 829
1073 901
889 318
840 339
715 918
321 210
1163 956
437 109
456 45
216 131
302 160
535 426
553 1322
1148 23
437 364
309 18
983 179
644 169
531 211
531 282
577 655
1156 1296
897 0
1073 419
547 291
96 420
456 62
1219 199
31 41
1217 74
681 3
442 12
955 333
819 572
576 37
409 382
154 184
300 1001
188 0
486 869
1230 213
345 76
1179 768
378 88
51 86
360 786
51 145
154 101
1094 94
864 533
465 401
1111 126
1204 954
1072 94
507 3
715 125
1166 94
345 44
321 47
147 63
1221 13
402 61
28 21
761 1440
628 55
438 785
364 608
1145 302
1102 94
1159 1525
465 833
1094 297
1073 768
1163 1722
1073 638
437 1132
1180 656
442 297
326 101
1047 297
840 721
322 400
396 1076
345 723
938 1360
358 199
187 179
456 112
211 2
387 212
345 635
68 68
187 127
228 830
76 239
335 538
1179 212
1057 1267
1041 507
993 52
216 767
394 627
1049 59
1211 526
335 803
459 87
715 474
345 119
615 167
886 47
335 992
715 195
1217 690
456 472
228 382
345 222
409 47
189 45
345 662
840 413
905 74
1072 21
628 679
598 37
842 48
233 12
324 979
360 1088
378 907
345 811
201 291
1068 1512
1226 136
761 1222
393 999
22 68
441 94
1092 1491
870 1222
233 109
1072 47
1153 485
179 47
676 317
970 1
1072 110
1202 156
445 0
533 563
955 11
387 222
1217 582
396 178
917 47
576 665
56 293
335 209
818 41
1145 214
1155 197
715 180
294 11
211 213
615 298
557 1068
1217 149
1073 163
443 96
335 850
1224 869
1148 1227
366 125
1175 213
235 2
51 324
297 2139
617 129
1175 585
335 53
345 190
306 904
1073 428
43 246
1157 295
335 633
857 0
183 236
624 1
335 11
764 263
335 213
319 77
291 972
818 213
854 262
1102 1147
1156 1
840 863
1116 86
750 212
840 166
43 48
121 189
1166 63
213 72
983 226
1049 241
1163 131
986 918
1191 41
415 211
164 422
775 101
990 213
889 329
1084 554
387 54
1036 910
442 333
31 166
96 119
1072 2
2 10
733 59
1065 1041
73 45
2 12
923 109
187 396
387 882
782 902
201 694
387 880
43 47
1206 344
213 162
437 1
621 52
1175 151
372 149
567 254
540 694
387 268
1000 721
294 2146
1212 236
358 54
409 15
1157 127
233 861
547 2173
648 94
1082 5
1185 201
364 301
335 272
567 1232
309 62
955 202
409 910
1005 0
1185 578
380 729
715 554
845 301
1094 213
267 38
750 148
1129 3
345 771
213 213
1171 11
43 52
13 101
291 211
1094 47
486 62
596 1233
1117 129
840 1437
31 171
1102 427
927 94
233 295
335 165
1171 161
1166 1116
344 189
839 179
1045 72
1189 210
457 135
1145 164
519 77
1163 17
1068 269
417 148
187 126
302 313
901 94
902 637
886 1469
955 597
840 599
51 220
486 178
345 1105
718 148
838 596
86 129
871 956
13 0
96 153
51 272
416 415
1061 101
229 284
1224 2040
845 47
335 76
939 301
905 210
818 179
615 137
729 301
437 207
749 0
906 202
355 160
348 1051
914 126
1160 317
356 63
1071 1525
309 298
908 617
335 499
1145 227
461 17
371 63
86 220
1129 23
983 1
689 463
1185 289
841 272
993 1659
1157 171
461 1116
730 47
335 1081
105 293
747 771
105 63
1145 213
333 995
484 12
48 295
309 210
442 407
819 31
183 2126
1073 784
1215 95
1082 317
1155 17
132 602
1112 77
335 63
715 115
661 419
726 771
655 548
1113 127
780 0
993 47
1094 51
387 86
732 301
456 213
1072 88
591 208
430 967
957 301
551 1038
1123 99
35 179
883 196
345 97
345 199
462 1038
872 77
840 397
899 1469
1151 12
767 14
788 11
234 150
335 189
828 1518
381 1090
241 306
1111 109
234 248
1217 293
345 87
828 268
345 0
840 306
715 375
228 51
486 3
531 572
424 422
845 62
1149 1635
321 3
872 168
456 423
60 191
43 11
201 12
335 886
801 211
710 130
141 178
345 271
828 77
105 160
43 221
1123 494
291 1
1109 199
538 210
345 521
311 160
1180 397
1202 23
828 1080
993 782
117 578
1163 1724
1185 121
335 70
1073 379
1156 313
919 38
735 199
864 12
409 94
1172 396
262 793
1072 191
306 3
412 834
335 382
838 2139
840 138
64 294
59 101
1166 155
345 133
300 212
1175 1867
993 248
857 301
697 409
922 329
730 692
886 847
1070 678
1173 94
932 540
43 94
345 287
462 65
819 406
312 63
1177 283
901 97
886 23
149 577
437 45
3 18
1155 1649
335 86
321 12
863 224
43 45
1025 301
821 94
1168 392
291 5
442 224
187 129
1159 1670
384 79
1091 39
889 126
922 248
1157 773
1075 38
634 171
872 211
723 11
886 72
417 347
88 224
411 77
1166 1227
1175 2
968 212
213 759
902 40
819 1440
105 213
456 72
51 31
891 301
429 52
417 568
241 119
905 48
73 297
408 171
511 301
615 213
249 597
593 546
1166 71
919 1713
1008 148
531 972
228 211
1094 248
567 1334
1010 48
1056 1154
228 85
1058 301
925 616
1206 163
780 212
486 116
442 74
735 39
919 397
886 129
321 136
1123 298
1185 690
1217 77
345 23
34 40
912 301
889 180
187 421
154 41
1174 554
269 494
216 429
84 72
773 86
1145 94
335 269
1145 411
456 771
335 615
249 787
181 663
886 48
70 44
1157 52
1056 63
1180 1186
617 148
1179 1904
872 167
854 127
769 12
567 395
722 37
603 1152
1217 469
116 12
745 392
345 492
919 551
442 210
1172 540
309 148
556 148
462 1443
319 96
213 74
233 74
782 53
85 395
306 47
81 45
1174 100
321 1083
249 90
997 1252
618 187
369 1254
985 178
466 47
1094 1145
271 369
216 101
402 1161
455 46
983 3
1123 1476
216 11
1053 52
919 0
275 307
498 46
507 485
385 395
187 40
1166 1141
872 553
783 217
123 86
1230 1
213 23
1180 63
492 119
1148 11
453 922
919 918
906 694
345 316
201 568
392 861
213 800
465 1155
613 77
993 944
442 17
821 1527
462 125
886 208
35 88
1223 768
591 3
886 244
417 862
118 51
311 94
383 220
801 1092
735 212
1155 1165
62 48
1036 1503
1123 256
1213 923
821 109
241 284
1174 3
1073 178
96 314
1098 321
704 399
951 63
1071 310
886 468
442 244
1217 643
358 293
1008 212
630 211
544 107
676 458
722 94
1172 355
1189 51
345 277
1179 0
892 87
291 199
715 129
212 421
417 171
1123 1438
445 52
383 94
1072 565
550 637
105 11
421 392
520 129
122 14
64 11
462 180
269 0
1041 326
154 211
484 293
715 0
96 0
31 162
68 88
456 3
297 727
1166 325
1223 445
741 592
440 280
1185 92
345 48
128 199
385 47
712 337
531 1245
1036 3
715 48
378 855
806 199
201 61
689 112
919 525
984 100
943 205
1036 52
564 563
409 909
889 137
715 422
291 650
378 342
624 1548
1174 71
1183 0
306 212
168 0
581 222
1123 382
181 189
840 199
1132 11
1068 277
51 341
431 59
457 809
840 72
240 637
198 512
424 1360
300 148
382 698
619 592
1177 63
483 12
1180 55
1068 1119
1159 1560
1068 642
340 715
819 211
1217 372
955 211
300 236
840 1516
1145 1390
380 121
1157 141
350 222
443 500
922 51
1189 603
456 275
889 1018
1068 301
345 235
897 31
461 85
906 0
1188 86
715 264
520 151
411 0
897 63
564 41
306 293
766 721
462 87
356 47
1179 100
96 331
266 0
862 85
715 168
920 5
518 160
886 9
840 880
615 1076
95 307
912 212
909 326
437 126
85 94
847 138
201 88
302 392
198 217
335 129
213 313
431 569
1072 23
31 77
125 397
1206 295
1082 409
906 149
615 282
1071 311
154 411
31 2
854 297
1202 63
1189 178
1219 211
96 525
819 1
801 212
1172 148
1180 721
729 397
189 52
180 485
878 2
922 213
909 1785
2 11
456 401
1018 3
462 51
1135 1130
400 19
382 546
906 179
676 180
886 78
856 907
309 878
1138 694
1163 833
1140 496
1119 0
213 94
484 129
96 506
631 2126
621 47
729 597
168 141
335 422
417 18
1071 914
886 554
909 225
213 99
1157 683
1073 137
187 31
408 12
821 99
1157 109
676 162
364 100
717 52
856 166
720 77
442 70
1000 1327
1180 116
86 178
378 101
889 63
321 213
1072 637
86 449
417 129
1060 211
995 293
788 101
462 1011
142 31
715 279
249 906
385 293
36 198
456 1
306 213
442 51
1223 52
845 23
676 151
409 0
335 617
955 22
95 11
1163 151
1066 178
311 465
337 0
31 172
533 564
507 129
1230 446
1083 213
450 11
187 76
356 608
37 227
213 379
896 31
111 217
1202 136
96 512
769 47
51 309
1157 706
540 55
1211 1443
201 598
1217 50
1217 212
387 1189
1230 17
201 382
385 48
345 422
227 5
3 12
461 387
1230 258
840 70
854 52
154 94
456 12
1202 918
996 301
187 88
1185 625
1136 0
885 593
43 225
1094 293
520 418
1069 63
381 244
95 31
544 679
1129 94
1094 23
306 162
1175 129
198 65
547 1507
838 3
187 282
1230 984
409 757
1217 243
847 727
1211 183
216 733
917 178
983 94
1196 17
269 212
715 307
1218 322
233 140
1217 224
1179 612
1021 360
37 47
715 17
1060 2
187 138
640 47
466 1142
437 738
635 2
818 3
886 90
1073 1515
444 101
1072 17
345 697
30 145
1217 306
387 907
463 47
43 51
697 1554
747 2174
257 0
984 127
302 94
840 925
845 70
715 614
306 49
465 129
1094 41
1122 406
823 1298
213 275
348 41
1180 1951
306 148
462 12
335 1132
1197 3
715 38
1217 973
459 52
832 222
618 21
1131 721
955 243
1186 1089
335 217
886 222
615 136
1218 63
96 474
1145 1048
1210 310
1069 101
44 287
1036 219
531 1349
715 367
983 183
1120 224
1080 282
1157 395
309 907
849 366
1230 715
369 1052
1161 392
1047 178
335 366
452 605
77 182
321 116
309 51
442 500
465 1146
35 191
1002 48
335 5
241 277
1149 1122
1076 94
1189 568
423 199
98 12
309 2126
384 129
533 331
771 62
213 355
485 2
96 47
1116 77
1176 63
592 179
335 564
1189 171
40 214
442 31
358 90
812 1038
135 3
823 94
752 109
483 880
42 246
566 86
886 179
1130 45
983 1203
309 127
1057 1
417 614
306 37
906 409
915 543
1047 211
551 767
1145 568
1066 396
168 23
1018 100
1129 63
849 851
715 924
345 310
111 245
1221 1455
455 988
615 306
300 191
548 140
591 1287
232 266
840 1418
1155 131
997 918
321 211
911 52
629 38
498 11
1217 614
1036 171
622 694
545 723
335 971
99 38
856 439
927 63
625 313
816 563
853 387
983 1757
993 264
115 37
231 694
1066 297
891 225
402 248
1169 236
715 244
233 2
983 137
983 37
345 334
498 52
995 94
335 411
269 2130
302 1002
957 179
1218 47
1224 492
604 293
1037 47
906 390
881 127
407 213
456 333
291 2
1163 47
409 145
394 619
1071 100
462 62
505 399
309 2
919 619
1159 101
201 70
840 156
471 86
306 211
1175 1774
1129 100
1157 1162
309 63
1073 72
747 129
900 11
95 209
417 1348
178 51
267 706
1186 458
1072 612
905 53
42 38
821 293
1179 41
179 63
821 1227
1177 22
82 23
198 83
672 74
406 41
993 1081
1166 496
889 3
291 576
417 326
1073 617
409 31
1111 17
153 129
1065 148
615 23
378 203
840 711
1206 166
459 534
1186 212
880 23
1072 37
42 149
1115 539
458 310
1094 162
1197 546
355 248
586 293
1069 506
821 224
1136 214
827 283
1057 212
62 3
1166 725
998 480
917 0
1210 189
267 178
407 394
335 305
915 393
968 213
387 768
13 99
681 84
335 565
919 1521
1204 1746
79 335
59 159
1123 243
877 94
1128 212
715 316
881 564
201 65
181 430
51 37
1175 70
1137 397
198 620
229 771
644 282
832 51
518 500
886 37
1135 81
189 11
335 178
780 1569
37 41
1018 421
1175 211
1149 58
862 70
267 48
674 52
909 216
391 1170
550 140
198 136
457 11
697 121
291 74
335 1
462 41
1123 972
5 17
715 721
142 189
387 906
267 222
1189 393
977 213
1107 1360
241 153
1186 1482
391 31
424 171
335 694
43 96
335 738
364 197
96 94
378 0
951 211
1123 213
437 307
1094 77
96 456
681 1
582 854
465 40
269 519
1182 909
229 503
335 511
840 648
456 901
409 52
1189 307
37 71
309 289
187 85
411 11
335 688
387 595
201 96
75 41
442 890
872 35
1131 313
717 189
533 272
836 1191
216 47
1136 1379
889 85
922 250
378 164
1180 68
997 171
369 280
138 301
1230 162
306 316
34 178
442 622
462 991
545 419
1102 288
993 317
818 100
922 211
73 178
1113 1289
1036 61
457 38
631 1560
906 496
909 0
949 37
177 65
1213 1516
358 31
1000 199
615 248
732 0
105 199
34 47
228 72
456 138
959 33
886 500
1172 112
267 31
62 396
213 235
1213 587
780 74
189 47
295 217
30 149
201 48
985 94
456 129
880 497
291 525
462 3
1163 661
540 607
974 63
1166 23
442 94
1067 47
442 1
213 222
1112 95
819 100
82 37
1097 47
96 52
604 771
437 131
1159 179
715 401
71 191
1143 63
1166 86
864 199
347 664
425 77
889 48
729 468
1074 148
1186 1492
886 178
233 771
715 1143
885 211
335 10
821 0
533 245
803 95
1080 370
352 17
37 212
1071 127
959 72
1031 1038
1155 421
993 788
229 12
880 210
387 1188
51 322
1180 61
327 481
803 45
689 272
1094 212
1123 397
784 5
333 76
697 311
291 35
897 101
1071 94
411 72
96 248
133 488
715 74
955 52
345 37
13 100
548 224
987 1810
870 1631
909 1
1230 136
765 1327
335 38
426 5
1221 1185
13 96
335 255
306 44
1073 815
437 1218
840 77
379 294
394 22
91 482
1156 626
889 1581
1018 23
996 211
695 1
1041 1100
178 164
51 257
768 211
1099 47
417 859
955 1
766 178
840 9
840 211
532 842
1230 52
43 205
1082 94
302 460
198 702
1127 59
998 479
147 366
540 1048
187 224
1175 1738
233 458
1094 0
681 109
253 44
442 1168
1094 886
886 655
763 109
462 171
661 972
464 1103
1204 211
1218 178
187 685
5 63
387 145
345 243
257 467
345 884
1138 1512
73 107
28 3
409 984
198 406
249 151
1008 1
986 167
345 397
170 111
1094 396
152 76
453 2155
326 361
442 801
782 940
906 311
406 250
951 212
126 595
335 41
89 474
442 97
384 213
462 1017
840 1288
577 1507
253 610
1179 153
1163 1723
453 213
201 473
1123 721
1177 749
406 127
953 52
306 291
233 516
44 288
715 1613
1186 1948
1194 301
1138 149
309 220
465 38
345 568
335 210
241 148
393 295
955 578
437 210
1211 63
840 99
1134 287
1211 17
1130 94
213 151
1230 1642
1217 37
112 49
59 212
69 22
1072 1365
345 217
213 1
1072 98
1217 694
198 4
373 419
603 394
814 199
1217 1691
456 310
955 563
1026 1863
1092 109
364 667
249 255
577 291
1147 1335
22 44
335 184
86 468
585 77
507 167
617 301
1116 236
1157 684
1174 2123
1166 506
43 72
146 41
636 1041
1185 1093
1219 149
840 93
1113 420
1065 842
1130 52
880 2
1230 309
886 264
1156 12
356 1
681 927
116 63
64 52
840 47
335 1120
1123 38
376 322
1065 162
1145 293
1183 94
402 118
37 12
306 1007
689 94
954 1073
618 86
971 51
275 519
234 284
456 207
301 94
397 109
554 301
437 1298
1140 52
872 213
1145 2
1217 504
358 467
124 37
689 259
1072 34
106 555
51 297
959 1
233 666
387 3
997 745
411 55
199 458
1185 568
533 71
856 906
1071 706
201 37
478 959
356 31
506 85
500 37
457 151
453 2
893 692
1185 2
5 68
201 487
352 924
845 211
984 48
1130 768
43 167
37 11
384 287
431 419
345 1176
289 93
335 597
309 94
297 63
23 48
437 622
1145 163
387 310
297 76
1072 189
1116 1143
752 1132
1143 3
408 512
335 74
492 320
321 77
387 614
216 422
735 258
1112 806
462 269
1186 659
125 121
456 126
442 0
1159 210
456 88
213 129
43 178
322 133
1115 127
840 86
665 45
269 245
986 1546
747 199
838 397
943 168
1076 349
732 212
85 407
922 23
379 21
1010 46
372 179
18 108
1217 991
378 154
191 213
70 414
909 301
1018 63
919 805
1211 148
484 650
335 300
462 737
382 1002
1185 1403
554 711
333 727
1217 61
229 110
1166 922
380 85
309 327
838 740
518 785
3 37
519 239
186 395
309 72
73 94
345 423
442 23
43 269
142 62
187 74
1198 95
96 2132
902 109
715 1383
797 12
832 268
335 655
51 313
729 4
715 1248
442 305
288 93
996 2130
625 282
1094 52
604 5
201 3
1145 44
288 61
187 366
80 85
689 38
257 23
1102 1121
1123 167
909 532
854 129
1124 71
892 968
1175 206
417 3
1145 295
841 1473
1071 259
689 47
627 262
311 784
1123 614
993 130
269 301
1159 866
816 1594
43 258
715 395
1147 768
1066 171
397 395
201 85
396 210
750 211
345 262
557 1128
1159 52
1211 667
464 12
462 642
426 100
847 48
897 535
227 2
715 380
409 297
1098 51
201 468
201 272
902 1380
1123 70
769 52
1145 41
518 63
333 209
984 51
715 272
193 437
300 72
856 1315
348 1191
1230 1290
644 313
1065 129
241 151
856 109
715 2
213 293
378 764
715 1369
1137 0
1018 301
618 94
306 992
253 399
501 31
241 755
1175 12
1230 53
241 63
906 662
96 213
197 619
1064 284
12 85
1011 1001
1166 3
43 199
198 1
821 23
750 197
897 85
905 310
777 539
345 576
385 94
983 62
1178 94
387 224
462 9
1202 1456
51 328
1186 1281
1217 21
455 45
548 331
1217 546
373 103
1136 842
306 962
1212 200
96 53
321 1052
462 72
1012 178
387 497
698 902
364 136
1073 355
1174 52
154 86
70 297
456 11
1073 333
840 121
1185 776
295 607
980 396
1180 458
1084 23
1151 24
355 1168
689 189
840 1178
198 306
76 151
1230 41
41 70
249 199
271 382
1166 1848
267 500
1028 806
689 191
1217 103
1217 771
321 70
872 301
854 211
1217 349
676 210
51 250
906 277
11 72
37 217
355 159
1094 592
288 63
1018 195
533 223
378 3
28 137
1189 1116
718 1527
442 160
580 301
804 88
1180 1532
352 525
424 143
181 615
30 77
664 65
784 321
944 63
1202 40
345 85
920 313
1185 1
715 50
697 595
345 101
174 11
906 1756
533 745
474 151
187 603
241 85
125 535
1186 1495
784 116
37 210
891 917
1091 401
462 727
615 2
360 1052
1209 1406
1102 254
442 149
1082 11
442 1220
1183 1613
1064 148
919 223
819 381
995 47
800 3
1092 301
983 572
859 68
456 179
465 213
1168 3
1094 211
345 805
85 126
387 210
198 21
827 74
922 212
1065 263
309 667
376 83
617 51
905 572
1112 301
1217 133
324 301
1129 989
456 199
168 140
1188 1242
872 2
1174 2176
1195 77
729 137
906 722
679 227
18 110
457 78
1217 1060
1129 178
335 172
330 49
729 927
818 44
462 211
838 199
37 3
1179 1083
345 1164
201 723
840 694
345 869
309 125
644 494
5 54
919 310
1072 72
408 17
828 2
37 211
689 71
1157 1176
715 1537
715 191
154 187
845 254
575 211
216 283
603 382
257 109
840 227
201 128
387 458
1166 179
309 312
886 268
440 199
733 52
302 110
345 284
187 94
1157 297
125 372
1172 842
456 148
125 310
1180 639
914 521
819 2
955 751
939 3
1189 680
81 47
70 48
289 691
899 284
437 211
1215 9
360 211
22 96
636 918
417 0
1073 1320
928 86
417 211
827 0
409 310
886 1253
345 1100
1128 2126
462 210
306 61
1080 789
1208 1002
287 609
689 109
86 466
333 994
919 768
1171 213
953 47
96 54
181 178
828 1203
1217 723
345 89
465 37
615 47
79 47
233 30
459 1
840 137
385 17
856 17
803 129
878 301
1159 199
306 122
249 94
532 222
1206 727
380 48
1076 2
828 5
689 637
216 3
345 322
306 619
955 23
62 399
213 727
36 202
886 258
268 1
1212 96
975 52
1068 1038
520 94
782 199
1060 61
983 211
456 127
802 1189
96 505
768 23
181 114
291 3
735 314
442 63
86 467
456 301
335 678
154 2123
217 52
1185 179
385 217
615 1001
1135 119
449 2
747 293
782 47
735 243
392 23
345 651
752 212
73 37
919 521
1159 17
267 938
888 661
1130 47
1123 659
1072 1
73 47
533 842
1171 94
1073 164
891 179
1171 17
43 49
1021 23
198 150
132 101
1168 44
841 563
886 275
1143 87
715 186
664 47
251 9
803 1310
1217 3
43 33
357 2
309 701
3 31
633 88
818 1375
854 945
1143 397
385 96
710 12
456 467
803 649
1018 57
384 96
1082 295
1182 223
1217 5
345 24
1143 537
985 750
545 74
89 94
13 37
1186 988
335 236
355 14
1217 109
249 213
955 293
456 554
845 51
29 140
564 110
649 110
886 52
357 17
567 25
36 201
442 688
335 112
309 307
1217 210
1163 178
1145 748
96 516
1157 525
872 567
689 3
108 51
69 85
689 1365
116 130
234 199
213 160
484 178
650 148
213 785
70 51
681 83
933 291
335 430
96 1
387 216
241 894
1174 2
358 70
34 94
819 180
1065 149
886 3
924 47
1180 657
96 61
462 692
974 1523
232 217
380 543
295 11
1018 61
1145 74
128 0
1202 1546
577 93
1205 44
906 625
28 138
889 505
906 23
567 37
191 151
1092 236
1213 256
818 297
397 516
923 17
782 74
1230 1173
135 382
1178 63
983 125
76 439
378 469
680 1261
828 1190
681 2132
251 47
268 152
457 872
710 0
1206 72
199 720
806 245
955 116
128 597
335 248
456 77
442 9
187 162
729 47
51 138
77 47
178 653
462 77
697 684
1217 36
456 989
335 282
782 94
266 922
327 710
95 494
378 189
766 2123
771 301
581 211
51 339
886 1146
387 533
253 395
380 535
615 171
216 88
1188 211
3 1
840 115
540 0
922 564
335 1102
932 45
291 291
603 2
520 152
213 793
850 17
1153 86
70 47
1189 161
294 12
1135 477
235 94
460 4
1155 211
841 291
618 184
1198 45
1123 722
508 148
1080 129
1090 293
1217 85
997 72
396 94
1195 1432
382 0
956 1563
160 57
233 401
957 40
345 690
1123 458
1129 1038
459 1142
971 213
291 768
302 1004
1086 47
85 237
294 907
889 870
345 148
453 605
59 77
889 1685
306 179
886 269
1223 637
201 216
335 224
587 52
227 63
1150 288
257 138
465 1038
448 21
1065 1086
455 393
1073 295
321 422