0 1043 0.5689655172413793
0 1202 0.8452380952380952
1 654 0.5625
1 678 0.6111111111111112
2 356 0.64
3 4 0.9836065573770492
3 216 0.5443037974683544
3 280 0.589041095890411
3 1218 0.7352941176470589
3 1219 0.7246376811594203
4 216 0.5375
4 280 0.581081081081081
4 1218 0.7246376811594203
4 1219 0.7391304347826086
5 183 0.7471264367816092
5 412 0.5779816513761468
5 413 0.5849056603773585
5 454 0.5957446808510638
5 455 0.6923076923076923
5 848 0.532608695652174
5 913 0.6923076923076923
5 989 0.5315315315315315
5 1013 0.5454545454545454
5 1034 0.5315315315315315
5 1180 0.6923076923076923
5 1187 0.7528089887640449
6 481 0.5632183908045977
6 994 0.5757575757575758
6 1213 0.5128205128205128
7 380 0.6777777777777778
7 613 0.5714285714285714
7 966 0.6105263157894737
7 1015 0.6777777777777778
9 120 0.550561797752809
9 307 0.5232558139534884
9 309 0.8194444444444444
9 417 0.75
9 841 0.5977011494252874
9 874 0.6153846153846154
9 919 0.5909090909090909
9 1023 0.5333333333333333
9 1206 0.7215189873417721
9 1207 0.6585365853658537
10 847 0.5172413793103449
12 1119 0.6981132075471698
12 1178 0.5483870967741935
13 1143 0.5581395348837209
17 18 0.8650306748466258
17 163 0.6601941747572816
17 941 0.8650306748466258
17 1098 0.5142857142857142
18 163 0.7551020408163265
18 941 1.0
19 649 0.5057471264367817
19 683 0.5063291139240507
20 408 0.5945945945945946
20 1010 1.0
22 599 0.8777777777777778
22 788 1.0
22 859 1.0
22 1037 0.8777777777777778
22 1109 0.5349794238683128
23 61 0.631578947368421
23 62 0.5662650602409639
23 63 0.625
23 111 0.5061728395061729
23 115 0.6052631578947368
23 147 0.6103896103896104
23 151 0.6282051282051282
23 154 0.5063291139240507
23 187 0.7761194029850746
23 253 0.5189873417721519
23 335 0.5316455696202531
23 336 0.525
23 349 0.5121951219512195
23 375 0.5454545454545454
23 438 0.6710526315789473
23 545 0.5061728395061729
23 643 0.5476190476190477
23 751 0.6301369863013698
23 818 0.6901408450704225
23 886 0.6714285714285714
23 1160 0.5189873417721519
23 1189 0.5972222222222222
23 1191 0.8769230769230769
24 112 0.7101449275362319
24 125 0.5370370370370371
24 358 0.6666666666666666
24 429 0.5681818181818182
24 632 0.5324675324675324
24 682 0.5072463768115942
24 1040 0.5838926174496645
26 1119 0.5384615384615384
26 1142 0.5957446808510638
28 307 0.5204081632653061
28 658 0.6831683168316832
28 873 0.5319148936170213
28 1026 0.6226415094339622
29 30 0.5227272727272727
29 168 1.0
29 205 0.5833333333333334
29 317 0.5348837209302325
29 550 1.0
29 794 0.6444444444444445
30 168 0.5227272727272727
30 241 0.5121951219512195
30 550 0.5227272727272727
31 856 0.5875
31 1163 0.5875
33 305 0.7254901960784313
33 629 0.7623762376237624
33 1220 0.5982905982905983
37 292 0.7619047619047619
37 350 0.5205479452054794
37 854 0.5352112676056338
37 1192 0.6825396825396826
40 105 0.5471698113207547
40 195 0.5166666666666667
40 248 0.6216216216216216
40 456 0.5384615384615384
40 628 0.50920245398773
40 656 0.504
40 857 0.5217391304347826
40 921 1.0
40 984 1.0
40 1049 1.0
40 1087 0.54375
40 1146 0.5126050420168067
41 42 0.5578947368421052
41 43 0.8163265306122449
41 87 0.5578947368421052
41 108 0.5698924731182796
41 1172 0.5698924731182796
41 1193 0.5698924731182796
42 43 0.5789473684210527
42 87 1.0
42 108 0.7352941176470589
42 414 0.5189873417721519
42 564 0.5189873417721519
42 640 0.6944444444444444
42 1172 0.7352941176470589
42 1193 0.7352941176470589
43 87 0.5789473684210527
43 640 0.504950495049505
44 241 0.675
44 287 0.5813953488372093
44 1064 1.0
45 528 0.5229357798165137
45 725 0.5523809523809524
45 726 0.5673076923076923
45 758 0.5523809523809524
46 108 0.6111111111111112
46 111 0.7761194029850746
46 228 0.7014925373134329
46 298 0.6231884057971014
46 363 0.56
46 414 0.6857142857142857
46 545 0.7761194029850746
46 564 0.6857142857142857
46 640 0.5189873417721519
46 782 0.7014925373134329
46 934 0.6857142857142857
46 967 1.0
46 1172 0.6111111111111112
46 1193 0.6111111111111112
47 178 0.6363636363636364
47 218 0.6521739130434783
47 247 0.7027027027027027
47 249 0.8260869565217391
47 250 0.6666666666666666
47 270 0.5925925925925926
47 271 0.7391304347826086
47 273 0.7391304347826086
47 395 0.5058823529411764
47 397 0.7746478873239436
47 560 0.5974025974025974
47 561 0.5342465753424658
47 569 0.6551724137931034
47 573 0.5733333333333334
49 319 0.5098039215686274
49 373 0.6666666666666666
49 1236 0.5319148936170213
50 236 0.6043956043956044
50 374 0.8
50 429 0.5048543689320388
50 662 0.8
50 789 0.504950495049505
50 808 0.5189873417721519
50 890 0.5324675324675324
50 907 0.5098039215686274
51 52 0.7058823529411765
51 53 0.6521739130434783
51 55 0.6301369863013698
51 664 0.676056338028169
51 778 0.6521739130434783
51 842 1.0
52 53 0.589041095890411
52 55 0.5714285714285714
52 778 0.589041095890411
52 842 0.7058823529411765
53 55 0.6081081081081081
53 778 1.0
53 842 0.6521739130434783
55 778 0.6081081081081081
55 842 0.6301369863013698
57 316 0.5384615384615384
57 459 0.7027027027027027
60 206 0.6428571428571429
60 459 0.5365853658536586
60 581 0.5434782608695652
61 62 0.6708860759493671
61 63 0.6296296296296297
61 115 0.7222222222222222
61 143 0.5625
61 147 0.5555555555555556
61 151 0.7916666666666666
61 187 0.704225352112676
61 253 0.6486486486486487
61 334 0.5432098765432098
61 335 0.5769230769230769
61 336 0.569620253164557
61 349 0.6363636363636364
61 375 0.5921052631578947
61 438 0.5176470588235295
61 465 0.5061728395061729
61 643 0.6296296296296297
61 682 0.5612244897959183
61 735 0.5121951219512195
61 751 0.5316455696202531
61 818 0.525
61 886 0.5063291139240507
61 1032 0.5679012345679012
61 1072 0.5256410256410257
61 1176 0.5402298850574713
61 1191 0.631578947368421
62 63 0.84
62 115 0.625
62 151 0.8
62 235 0.5520833333333334
62 253 0.6
62 389 0.6744186046511628
62 438 0.6071428571428571
62 643 0.84
62 762 0.5555555555555556
62 1032 0.5113636363636364
62 1062 0.5888888888888889
62 1176 0.627906976744186
62 1191 0.5662650602409639
63 115 0.5662650602409639
63 151 0.7088607594936709
63 235 0.5050505050505051
63 253 0.5421686746987951
63 389 0.6551724137931034
63 438 0.5882352941176471
63 643 0.8904109589041096
63 762 0.5217391304347826
63 1062 0.7023809523809523
63 1176 0.627906976744186
63 1191 0.5476190476190477
64 1018 1.0
66 67 0.8913043478260869
66 446 0.6455696202531646
66 752 0.7142857142857143
66 946 0.5321637426900585
66 1122 0.8913043478260869
67 446 0.7248322147651006
67 752 0.63125
67 946 0.5987654320987654
67 1122 0.8695652173913043
68 97 0.6744186046511628
68 98 0.7543859649122807
68 497 0.7166666666666667
68 759 0.5652173913043478
68 792 0.5454545454545454
69 138 0.6511627906976745
69 139 0.8095238095238095
69 388 0.5576923076923077
69 458 0.5909090909090909
69 459 0.6190476190476191
69 888 0.5217391304347826
69 1155 0.6590909090909091
69 1210 0.5106382978723404
70 85 0.52
70 147 0.5921052631578947
70 154 0.6571428571428571
70 187 0.5675675675675675
70 212 0.5526315789473685
70 334 0.6
70 335 0.6857142857142857
70 336 0.676056338028169
70 349 0.6133333333333333
70 375 0.5263157894736842
70 475 0.5526315789473685
70 1160 0.5194805194805194
71 298 0.5294117647058824
71 499 0.5070422535211268
71 693 0.5070422535211268
73 74 0.6451612903225806
73 800 0.5757575757575758
73 1142 0.5087719298245614
73 1189 0.5294117647058824
74 85 0.5428571428571428
75 884 0.5161290322580645
79 96 0.527027027027027
79 318 0.6111111111111112
79 732 0.5714285714285714
79 735 0.5324675324675324
79 741 0.6338028169014085
79 818 0.5064935064935064
79 1140 0.6811594202898551
79 1160 0.6811594202898551
79 1230 0.7619047619047619
79 1231 0.532608695652174
80 358 0.5063291139240507
80 826 0.8333333333333334
80 1059 0.7482517482517482
81 373 0.5686274509803921
81 1236 0.54
83 484 0.5833333333333334
83 667 0.5833333333333334
85 96 0.5342465753424658
85 147 0.6081081081081081
85 154 0.7014925373134329
85 212 0.589041095890411
85 216 0.5526315789473685
85 253 0.5540540540540541
85 335 0.6338028169014085
85 336 0.625
85 349 0.5256410256410257
85 465 0.5131578947368421
85 474 0.5588235294117647
85 751 0.52
85 886 0.5342465753424658
85 1072 0.6231884057971014
85 1189 0.6666666666666666
86 312 0.5777777777777777
86 317 0.5384615384615384
87 108 0.7352941176470589
87 414 0.5189873417721519
87 564 0.5189873417721519
87 640 0.6944444444444444
87 1172 0.7352941176470589
87 1193 0.7352941176470589
88 1091 1.0
90 128 0.5584415584415584
90 178 0.7538461538461538
90 179 0.78125
90 249 0.5616438356164384
90 273 0.6119402985074627
90 651 0.5952380952380952
90 871 0.6125
90 889 0.8181818181818182
92 1054 0.632
93 453 0.5408163265306123
93 481 0.6808510638297872
93 1213 0.8181818181818182
93 1227 0.6395348837209303
94 176 0.5039370078740157
94 243 0.6260869565217392
94 476 0.628099173553719
94 592 0.628099173553719
96 154 0.6764705882352942
96 212 0.5064935064935064
96 280 0.5135135135135135
96 318 0.7692307692307693
96 375 0.52
96 474 0.5588235294117647
96 732 0.5384615384615384
96 735 0.6956521739130435
96 741 0.6428571428571429
96 789 0.5604395604395604
96 818 0.5131578947368421
96 886 0.6716417910447762
96 1140 0.7692307692307693
96 1160 0.5753424657534246
96 1230 0.6666666666666666
97 98 0.5087719298245614
97 792 0.5434782608695652
97 1197 0.5675675675675675
98 493 0.5977011494252874
98 497 0.7727272727272727
99 674 0.5051020408163265
99 675 0.6341463414634146
99 676 0.5857988165680473
99 776 0.5432692307692307
99 784 0.5305164319248826
99 787 0.6885245901639344
99 796 0.6174863387978142
99 839 0.6459627329192547
99 866 0.5305164319248826
99 904 0.6459627329192547
99 973 0.5103092783505154
99 982 0.6024096385542169
99 1006 0.8153846153846154
99 1014 0.5305164319248826
99 1029 0.5432692307692307
99 1057 0.5988023952095808
99 1061 0.5305164319248826
99 1083 0.5051020408163265
101 390 0.746031746031746
102 532 1.0
103 104 0.6043956043956044
103 742 0.6292134831460674
104 464 0.5108695652173914
104 733 0.686046511627907
104 742 0.6373626373626373
104 744 0.611764705882353
105 628 0.8235294117647058
105 786 0.5253456221198156
105 815 0.5612244897959183
105 921 0.5471698113207547
105 984 0.5471698113207547
105 1049 0.5471698113207547
105 1087 0.9935897435897436
108 414 0.6857142857142857
108 564 0.6857142857142857
108 934 0.6388888888888888
108 967 0.6111111111111112
108 1172 1.0
108 1193 1.0
111 228 0.6714285714285714
111 298 0.5972222222222222
111 363 0.6216216216216216
111 414 0.5316455696202531
111 499 0.5324675324675324
111 545 1.0
111 564 0.5316455696202531
111 693 0.5733333333333334
111 782 0.6714285714285714
111 934 0.5512820512820513
111 967 0.7761194029850746
112 229 0.6739130434782609
112 358 0.5666666666666667
112 480 0.5572519083969466
112 1040 0.8294573643410853
113 1170 0.525
114 1118 0.5641025641025641
115 149 0.5531914893617021
115 151 0.6933333333333334
115 154 0.5657894736842105
115 187 0.5454545454545454
115 253 0.7142857142857143
115 318 0.5189873417721519
115 375 0.7761194029850746
115 376 0.51
115 438 0.5119047619047619
115 465 0.5384615384615384
115 643 0.5662650602409639
115 732 0.5432098765432098
115 735 0.6944444444444444
115 741 0.5189873417721519
115 751 0.5063291139240507
115 809 0.5662650602409639
115 818 0.6438356164383562
115 886 0.6956521739130435
115 1032 0.7361111111111112
115 1072 0.581081081081081
115 1191 0.6052631578947368
117 191 0.7230769230769231
118 1078 0.7058823529411765
119 242 0.71875
119 488 0.5148514851485149
119 1094 0.5148514851485149
119 1135 0.6736842105263158
120 207 0.5483870967741935
120 417 0.5116279069767442
120 841 0.6067415730337079
120 919 0.5483870967741935
120 1023 0.7108433734939759
120 1206 0.6666666666666666
120 1207 0.7283950617283951
121 277 0.53125
121 448 0.5151515151515151
121 529 0.5666666666666667
123 143 0.6388888888888888
123 146 1.0
123 149 0.5217391304347826
123 217 0.7047619047619048
123 335 0.5789473684210527
123 336 0.5729166666666666
123 337 0.84375
123 358 0.7107438016528925
123 429 0.5299145299145299
123 430 0.5789473684210527
123 463 0.5217391304347826
123 682 0.5929203539823009
123 729 0.5545454545454546
123 730 0.6238532110091743
123 734 0.5210084033613446
123 789 0.5714285714285714
123 907 0.797979797979798
123 1035 0.84375
123 1084 0.7333333333333333
125 126 0.7058823529411765
125 358 0.559748427672956
126 127 0.6509433962264151
126 337 0.5537190082644629
126 907 0.512
126 1035 0.5537190082644629
127 159 0.5339805825242718
127 349 0.5054945054945055
127 475 0.5581395348837209
127 809 0.625
128 179 0.6216216216216216
128 651 0.5217391304347826
128 871 0.5340909090909091
128 889 0.7027027027027027
131 132 0.6111111111111112
131 884 0.5294117647058824
131 920 0.7846153846153846
132 920 0.6571428571428571
134 208 0.6268656716417911
134 361 0.524390243902439
134 576 0.7966101694915254
134 588 0.5652173913043478
134 999 0.5072463768115942
135 536 1.0
135 1089 0.6153846153846154
137 487 0.5483870967741935
138 139 0.5106382978723404
138 459 0.6578947368421053
138 888 0.5116279069767442
139 388 0.5283018867924528
139 1155 0.6590909090909091
139 1210 0.5106382978723404
141 1125 0.6885245901639344
141 1126 0.5873015873015873
142 345 0.5303030303030303
142 746 0.5857142857142857
142 1075 0.527027027027027
142 1151 0.6875
142 1210 0.5087719298245614
143 146 0.6388888888888888
143 149 0.7916666666666666
143 187 0.5263157894736842
143 337 0.5398230088495575
143 429 0.5304347826086957
143 463 0.6699029126213593
143 632 0.5185185185185185
143 682 0.84375
143 729 0.7142857142857143
143 730 0.8315789473684211
143 907 0.5086206896551724
143 1035 0.5398230088495575
143 1084 0.584070796460177
144 202 0.5645161290322581
144 835 0.6666666666666666
144 1125 0.5645161290322581
144 1154 0.6714285714285714
146 149 0.5217391304347826
146 217 0.7047619047619048
146 335 0.5789473684210527
146 336 0.5729166666666666
146 337 0.84375
146 358 0.7107438016528925
146 429 0.5299145299145299
146 430 0.5789473684210527
146 463 0.5217391304347826
146 682 0.5929203539823009
146 729 0.5545454545454546
146 730 0.6238532110091743
146 734 0.5210084033613446
146 789 0.5714285714285714
146 907 0.797979797979798
146 1035 0.84375
146 1084 0.7333333333333333
147 151 0.5925925925925926
147 154 0.6805555555555556
147 187 0.5714285714285714
147 212 0.6621621621621622
147 216 0.6233766233766234
147 239 0.5333333333333333
147 334 0.5822784810126582
147 335 0.782608695652174
147 336 0.7714285714285715
147 337 0.5306122448979592
147 349 0.75
147 438 0.5542168674698795
147 474 0.527027027027027
147 475 0.5375
147 643 0.5172413793103449
147 751 0.5316455696202531
147 818 0.5061728395061729
147 1035 0.5306122448979592
147 1176 0.5227272727272727
147 1191 0.6986301369863014
148 347 0.7575757575757576
148 348 0.7575757575757576
148 437 1.0
148 692 0.5483870967741935
148 843 1.0
149 321 0.6
149 375 0.5888888888888889
149 376 0.6355140186915887
149 429 0.5963302752293578
149 463 0.8279569892473119
149 632 0.624
149 682 0.7156862745098039
149 729 0.6116504854368932
149 730 0.6538461538461539
149 734 0.543859649122807
149 789 0.5688073394495413
149 886 0.5161290322580645
149 907 0.6320754716981132
149 983 0.6
150 228 0.5058823529411764
150 363 0.5595238095238095
150 466 0.5212765957446809
150 679 0.5172413793103449
150 782 0.5058823529411764
150 785 1.0
150 811 0.8076923076923077
150 1093 0.6162790697674418
151 187 0.55
151 253 0.6233766233766234
151 375 0.5308641975308642
151 389 0.532608695652174
151 438 0.6296296296296297
151 643 0.8
151 682 0.5145631067961165
151 732 0.5116279069767442
151 762 0.5568181818181818
151 818 0.5060240963855421
151 1032 0.5662650602409639
151 1072 0.5061728395061729
151 1176 0.611764705882353
151 1191 0.7162162162162162
152 272 0.8125
152 1123 0.6744186046511628
152 1124 0.6666666666666666
153 302 0.574468085106383
154 187 0.5675675675675675
154 212 0.6857142857142857
154 216 0.6
154 239 0.5277777777777778
154 280 0.52
154 318 0.5194805194805194
154 334 0.5384615384615384
154 335 0.7101449275362319
154 336 0.7
154 349 0.5921052631578947
154 375 0.6338028169014085
154 474 0.5882352941176471
154 475 0.6857142857142857
154 735 0.5256410256410257
154 751 0.5466666666666666
154 818 0.5194805194805194
154 886 0.6764705882352942
154 907 0.5698924731182796
154 1140 0.5194805194805194
154 1191 0.5063291139240507
155 1119 0.5409836065573771
158 509 0.5086206896551724
159 193 0.5420560747663551
159 742 0.5047619047619047
159 809 0.5148514851485149
160 883 0.5581395348837209
162 616 0.5294117647058824
163 941 0.7551020408163265
168 205 0.5833333333333334
168 317 0.5348837209302325
168 550 1.0
168 794 0.6444444444444445
170 646 1.0
170 916 0.5348837209302325
171 180 0.726027397260274
172 549 0.5945945945945946
172 655 0.5945945945945946
172 670 0.5945945945945946
176 243 0.6607142857142857
176 476 0.6610169491525424
176 592 0.6610169491525424
177 792 0.6666666666666666
178 179 0.6764705882352942
178 218 0.5692307692307692
178 247 0.6285714285714286
178 249 0.7538461538461538
178 250 0.5569620253164557
178 271 0.5211267605633803
178 273 0.8305084745762712
178 559 0.5263157894736842
178 889 0.6216216216216216
179 273 0.5428571428571428
179 889 0.6666666666666666
182 229 0.5511811023622047
182 429 0.5043478260869565
182 480 0.7171717171717171
182 619 0.5108695652173914
182 789 0.5315315315315315
182 890 0.5813953488372093
182 1231 0.5849056603773585
183 396 0.5056179775280899
183 413 0.7473684210526316
183 454 0.7831325301204819
183 455 0.7471264367816092
183 848 0.6951219512195121
183 913 0.7471264367816092
183 989 0.5700934579439252
183 1013 0.6633663366336634
183 1034 0.5700934579439252
183 1136 0.5142857142857142
183 1180 0.7471264367816092
183 1187 0.5876288659793815
186 621 0.7684210526315789
186 857 0.5555555555555556
186 1044 0.5585585585585585
186 1131 0.8191489361702128
186 1132 0.8020833333333334
186 1133 0.6320754716981132
187 212 0.5324675324675324
187 216 0.5384615384615384
187 239 0.5942028985507246
187 334 0.5189873417721519
187 335 0.6857142857142857
187 336 0.676056338028169
187 349 0.5714285714285714
187 375 0.6111111111111112
187 438 0.569620253164557
187 474 0.5211267605633803
187 751 0.7058823529411765
187 818 0.625
187 886 0.7014925373134329
187 1072 0.52
187 1189 0.6231884057971014
187 1191 0.7761194029850746
187 1218 0.5466666666666666
187 1219 0.5394736842105263
191 858 0.5333333333333333
192 401 0.5416666666666666
194 570 1.0
194 1036 1.0
195 248 0.8
195 456 0.6071428571428571
195 656 0.5409836065573771
195 810 0.6260869565217392
195 857 0.5217391304347826
195 894 0.85
195 900 0.6086956521739131
195 921 0.5166666666666667
195 984 0.5166666666666667
195 1049 0.5166666666666667
195 1146 0.5384615384615384
195 1205 0.7169811320754716
196 419 0.5257731958762887
196 609 0.5431034482758621
196 891 0.8170731707317073
197 1198 0.5526315789473685
199 302 0.574468085106383
200 364 0.5135135135135135
200 869 0.7575757575757576
202 319 0.5263157894736842
202 467 0.7115384615384616
202 1125 0.5333333333333333
204 355 0.8354430379746836
204 366 0.6018518518518519
204 1151 0.5176470588235295
205 317 0.5111111111111111
205 550 0.5833333333333334
205 794 0.52
205 986 0.5625
208 360 0.6049382716049383
208 361 0.6623376623376623
208 576 0.7868852459016393
208 825 0.5274725274725275
208 999 0.5735294117647058
208 1221 0.5324675324675324
209 925 0.6666666666666666
210 409 0.5526315789473685
210 688 0.5128205128205128
210 1215 0.5324675324675324
212 216 0.6486486486486487
212 239 0.5555555555555556
212 334 0.5443037974683544
212 335 0.7391304347826086
212 336 0.7285714285714285
212 349 0.5769230769230769
212 474 0.6176470588235294
212 475 0.5584415584415584
212 751 0.5733333333333334
212 886 0.5064935064935064
213 221 0.75
213 1201 0.782608695652174
216 217 0.6063829787234043
216 239 0.5833333333333334
216 334 0.6756756756756757
216 335 0.7428571428571429
216 336 0.7323943661971831
216 349 0.5822784810126582
216 475 0.5443037974683544
217 337 0.8144329896907216
217 358 0.6349206349206349
217 430 0.5035971223021583
217 907 0.6090909090909091
217 1035 0.8144329896907216
217 1084 0.5603448275862069
218 244 0.6
218 247 0.59375
218 249 0.7288135593220338
218 250 0.5205479452054794
218 270 0.6153846153846154
218 271 0.8823529411764706
218 273 0.6842105263157895
218 395 0.5294117647058824
218 397 0.7894736842105263
218 559 0.6666666666666666
218 560 0.6779661016949152
218 561 0.6923076923076923
218 569 0.6
218 572 0.7
218 573 0.5932203389830508
218 870 0.5263157894736842
218 978 0.5192307692307693
220 965 1.0
221 1201 0.5925925925925926
222 262 0.6024096385542169
224 225 0.5368421052631579
224 417 0.589041095890411
226 284 0.5652173913043478
228 298 0.6923076923076923
228 363 0.7692307692307693
228 480 0.5604395604395604
228 499 0.527027027027027
228 545 0.6714285714285714
228 679 0.5675675675675675
228 693 0.527027027027027
228 782 1.0
228 785 0.5058823529411764
228 811 0.5822784810126582
228 967 0.7014925373134329
228 1093 0.5769230769230769
229 480 0.7456140350877193
229 632 0.5197368421052632
229 1040 0.8188976377952756
231 232 0.6666666666666666
233 615 1.0
233 1209 0.5652173913043478
235 389 0.7032967032967034
235 406 0.7222222222222222
235 643 0.5050505050505051
236 374 0.6021505376344086
236 662 0.6021505376344086
237 245 0.6666666666666666
237 559 0.5714285714285714
237 572 0.625
237 573 0.5102040816326531
237 978 0.5128205128205128
239 335 0.6
239 336 0.5915492957746479
239 464 0.5466666666666666
239 474 0.6721311475409836
239 751 0.5277777777777778
240 591 1.0
241 246 0.5121951219512195
241 1064 0.675
242 1135 0.5045871559633027
243 476 0.6842105263157895
243 592 0.6842105263157895
244 245 0.5294117647058824
244 271 0.5294117647058824
244 273 0.5294117647058824
244 559 0.9
244 1000 0.6875
244 1053 0.55
245 559 0.6176470588235294
245 561 0.5813953488372093
245 978 0.5128205128205128
247 249 0.8387096774193549
247 250 0.7323943661971831
247 270 0.5194805194805194
247 271 0.5882352941176471
247 273 0.7419354838709677
247 395 0.5466666666666666
247 397 0.5405405405405406
247 560 0.5205479452054794
247 561 0.5384615384615384
247 572 0.515625
248 456 0.7115384615384616
248 656 0.6460176991150443
248 810 0.5289256198347108
248 815 0.5094339622641509
248 857 0.616822429906542
248 894 0.7102803738317757
248 900 0.525
248 921 0.6216216216216216
248 962 0.5338983050847458
248 984 0.6216216216216216
248 1049 0.6216216216216216
248 1132 0.5344827586206896
248 1146 0.6036036036036037
248 1205 0.5929203539823009
249 250 0.7323943661971831
249 270 0.5194805194805194
249 271 0.7142857142857143
249 273 0.8947368421052632
249 395 0.5466666666666666
249 397 0.6521739130434783
249 559 0.5263157894736842
249 560 0.5633802816901409
249 561 0.5384615384615384
249 569 0.5172413793103449
249 572 0.515625
250 270 0.75
250 271 0.5194805194805194
250 273 0.647887323943662
250 395 0.524390243902439
250 397 0.5185185185185185
250 561 0.5138888888888888
250 871 0.5164835164835165
251 769 1.0
252 290 0.6
252 706 0.5142857142857142
253 375 0.5394736842105263
253 465 0.7611940298507462
253 643 0.5421686746987951
253 689 0.5625
253 800 0.5694444444444444
253 818 0.5733333333333334
253 886 0.5131578947368421
253 1032 0.5569620253164557
253 1072 0.7692307692307693
253 1189 0.6865671641791045
253 1190 0.6081081081081081
253 1191 0.5189873417721519
256 257 0.7321428571428571
256 1236 0.5660377358490566
257 969 0.6129032258064516
261 378 0.5882352941176471
261 571 0.6938775510204082
263 534 0.5714285714285714
265 294 0.6949152542372882
265 299 0.5238095238095238
265 345 0.6333333333333333
265 346 0.5074626865671642
265 749 0.609375
268 642 0.6434782608695652
268 681 1.0
268 852 0.6434782608695652
269 888 0.5238095238095238
270 271 0.7076923076923077
270 397 0.6956521739130435
270 560 0.6285714285714286
270 561 0.6612903225806451
270 569 0.5517241379310345
270 572 0.5384615384615384
270 573 0.6268656716417911
270 870 0.5232558139534884
271 273 0.6190476190476191
271 395 0.5068493150684932
271 397 0.8947368421052632
271 559 0.5882352941176471
271 560 0.7796610169491526
271 561 0.7090909090909091
271 569 0.68
271 572 0.625
271 573 0.6949152542372882
271 870 0.6052631578947368
272 1123 0.651685393258427
272 1124 0.6444444444444445
273 397 0.5652173913043478
273 559 0.5882352941176471
273 978 0.5178571428571429
277 279 0.6285714285714286
277 416 0.5945945945945946
277 530 0.6875
277 737 0.5428571428571428
277 1210 0.5384615384615384
279 530 0.6285714285714286
280 886 0.5342465753424658
280 1218 0.7014925373134329
280 1219 0.6911764705882353
282 525 1.0
284 1117 0.5223880597014925
285 490 0.6774193548387096
285 1121 0.6896551724137931
286 431 0.5384615384615384
286 881 0.5384615384615384
287 1064 0.5813953488372093
288 289 0.5555555555555556
289 295 0.5523809523809524
289 480 0.5267857142857143
289 634 0.5042735042735043
289 635 0.5714285714285714
289 734 0.5042735042735043
289 789 0.5267857142857143
289 890 0.5222222222222223
289 907 0.5871559633027523
290 706 0.5588235294117647
291 627 1.0
292 705 0.5405405405405406
292 1192 0.6515151515151515
293 436 0.6338028169014085
293 793 0.6338028169014085
294 299 0.5737704918032787
294 345 0.6610169491525424
294 346 0.578125
294 749 0.7457627118644068
294 1151 0.5441176470588235
295 345 0.5180722891566265
295 480 0.5619047619047619
295 690 0.75
295 789 0.5769230769230769
295 808 0.5714285714285714
295 890 0.6049382716049383
295 907 0.5370370370370371
295 1231 0.5283018867924528
296 485 0.75
296 912 0.5321100917431193
297 333 1.0
298 363 0.5915492957746479
298 499 0.7619047619047619
298 545 0.5972222222222222
298 693 0.7619047619047619
298 782 0.6923076923076923
298 967 0.6231884057971014
299 345 0.6491228070175439
299 346 0.6166666666666667
299 749 0.546875
305 629 0.8163265306122449
305 1220 0.7
306 307 0.64
306 533 0.5222222222222223
306 633 0.5053763440860215
306 873 0.6619718309859155
306 874 0.5945945945945946
306 1186 0.5222222222222223
307 309 0.620253164556962
307 533 0.6136363636363636
307 633 0.5934065934065934
307 724 0.5978260869565217
307 725 0.5806451612903226
307 758 0.5806451612903226
307 804 0.5806451612903226
307 848 0.6
307 873 0.7571428571428571
307 1130 0.5806451612903226
307 1186 0.6136363636363636
309 417 0.7571428571428571
309 848 0.5238095238095238
309 874 0.64
309 1206 0.5833333333333334
309 1207 0.6024096385542169
314 315 0.6385542168674698
315 860 0.5862068965517241
316 317 0.5135135135135135
316 459 0.5833333333333334
316 575 0.5135135135135135
316 1155 0.5897435897435898
317 458 0.6052631578947368
317 550 0.5348837209302325
317 575 0.7058823529411765
317 737 0.5135135135135135
317 986 0.5476190476190477
317 1155 0.5609756097560976
318 349 0.5061728395061729
318 732 0.64
318 735 0.7142857142857143
318 741 0.7101449275362319
318 789 0.5934065934065934
318 818 0.5526315789473685
318 886 0.5131578947368421
318 1140 0.8153846153846154
318 1160 0.6164383561643836
318 1230 0.5915492957746479
319 467 0.5555555555555556
319 879 0.5471698113207547
319 1125 0.5263157894736842
319 1126 0.5555555555555556
320 345 0.5692307692307692
320 346 0.6153846153846154
321 463 0.6310679611650486
321 730 0.5178571428571429
321 734 0.5818181818181818
321 789 0.6407766990291263
321 907 0.5267857142857143
321 983 1.0
321 1231 0.67
322 506 0.525096525096525
322 910 0.525096525096525
323 339 0.5142857142857142
323 350 0.5138888888888888
323 854 0.5285714285714286
323 1033 0.5217391304347826
323 1042 0.5223880597014925
323 1192 0.5294117647058824
323 1234 0.5277777777777778
323 1235 0.5223880597014925
324 393 0.5172413793103449
326 1117 0.6363636363636364
328 329 0.6086956521739131
328 330 0.5609756097560976
328 331 0.5609756097560976
330 331 0.7297297297297297
332 1173 0.5333333333333333
334 335 0.7428571428571429
334 336 0.7323943661971831
334 349 0.6666666666666666
334 375 0.5189873417721519
334 475 0.5641025641025641
335 336 0.9836065573770492
335 337 0.5978260869565217
335 349 0.782608695652174
335 474 0.5492957746478874
335 475 0.6
335 751 0.5526315789473685
335 886 0.5064935064935064
335 1035 0.5978260869565217
335 1191 0.5316455696202531
335 1218 0.5324675324675324
335 1219 0.5256410256410257
336 337 0.5913978494623656
336 349 0.7714285714285715
336 474 0.5416666666666666
336 475 0.5921052631578947
336 751 0.5454545454545454
336 1035 0.5913978494623656
336 1191 0.525
336 1218 0.5256410256410257
336 1219 0.5189873417721519
337 349 0.5306122448979592
337 358 0.7435897435897436
337 430 0.5447761194029851
337 625 0.5818181818181818
337 682 0.5258620689655172
337 730 0.5263157894736842
337 907 0.6826923076923077
337 1035 1.0
337 1084 0.6126126126126126
339 1235 0.5072463768115942
343 971 0.7311827956989247
344 737 0.53125
345 346 0.7368421052631579
345 749 0.6290322580645161
346 749 0.6507936507936508
347 348 0.7538461538461538
347 437 0.7575757575757576
347 692 0.5409836065573771
347 843 0.7575757575757576
348 437 0.7575757575757576
348 692 0.5161290322580645
348 843 0.7575757575757576
349 464 0.5301204819277109
349 475 0.5185185185185185
349 1035 0.5306122448979592
349 1176 0.5056179775280899
349 1191 0.5121951219512195
350 705 0.5616438356164384
350 854 0.7230769230769231
350 1192 0.7301587301587301
350 1235 0.6212121212121212
351 703 0.7954545454545454
351 798 0.5445544554455446
351 963 1.0
355 366 0.7
355 1151 0.5365853658536586
357 445 0.5189873417721519
357 898 0.5116279069767442
358 430 0.5095541401273885
358 907 0.5769230769230769
358 1035 0.7435897435897436
358 1084 0.5481481481481482
360 361 0.6590909090909091
360 576 0.6075949367088608
361 576 0.6447368421052632
362 381 0.5609756097560976
363 480 0.5934065934065934
363 499 0.7058823529411765
363 545 0.6216216216216216
363 679 0.5256410256410257
363 693 0.5466666666666666
363 782 0.7692307692307693
363 785 0.5595238095238095
363 811 0.5421686746987951
363 967 0.56
363 1093 0.575
364 869 0.5135135135135135
364 883 0.6363636363636364
364 906 0.5121951219512195
364 1173 0.53125
365 753 1.0
366 1021 0.5220125786163522
367 368 0.6511627906976745
367 887 0.6511627906976745
368 887 0.9448275862068966
369 472 0.5463917525773195
369 593 0.5531914893617021
369 1179 0.6555555555555556
370 371 0.6804123711340206
370 700 0.7659574468085106
370 867 0.5137614678899083
370 924 1.0
370 1128 0.5137614678899083
371 700 0.5137614678899083
371 867 0.7634408602150538
371 924 0.6804123711340206
371 1128 0.7634408602150538
372 373 0.6875
372 969 0.5862068965517241
372 1200 0.6153846153846154
373 969 0.5614035087719298
373 1200 0.5283018867924528
374 429 0.5047619047619047
374 662 1.0
374 734 0.5094339622641509
375 376 0.5578947368421052
375 475 0.5733333333333334
375 735 0.5256410256410257
375 751 0.5675675675675675
375 809 0.5679012345679012
375 818 0.581081081081081
375 886 0.7272727272727273
375 1032 0.5641025641025641
375 1072 0.7014925373134329
375 1189 0.5135135135135135
375 1191 0.5454545454545454
376 429 0.5299145299145299
376 463 0.5625
376 632 0.5294117647058824
376 682 0.5254237288135594
376 689 0.6017699115044248
376 697 0.7115384615384616
376 707 0.5210084033613446
376 734 0.5338983050847458
376 789 0.5042735042735043
376 907 0.5614035087719298
376 1082 0.797979797979798
378 444 0.6
378 571 0.6170212765957447
380 613 0.7865168539325843
380 966 0.6808510638297872
380 1015 1.0
382 491 1.0
382 829 0.7142857142857143
382 917 0.6455696202531646
382 939 0.6666666666666666
382 1065 1.0
383 581 0.5666666666666667
383 649 0.5365853658536586
383 683 0.6285714285714286
383 1076 0.5405405405405406
383 1088 0.5945945945945946
383 1166 0.56
384 385 1.0
384 386 0.6810344827586207
384 414 0.5339805825242718
384 564 0.5339805825242718
384 1113 0.5354330708661418
385 386 0.6810344827586207
385 414 0.5339805825242718
385 564 0.5339805825242718
385 1113 0.5354330708661418
386 414 0.5858585858585859
386 564 0.5858585858585859
386 640 0.5436893203883495
386 934 0.5096153846153846
386 1113 0.5396825396825397
388 590 0.5370370370370371
389 406 0.5789473684210527
389 643 0.6551724137931034
389 1062 0.5684210526315789
391 824 0.6451612903225806
391 1115 0.5454545454545454
391 1118 0.6451612903225806
393 394 0.6585365853658537
395 561 0.59375
395 572 0.546875
396 417 0.5733333333333334
396 848 0.5769230769230769
396 873 0.5324675324675324
397 559 0.5263157894736842
397 560 0.7076923076923077
397 561 0.639344262295082
397 569 0.76
397 572 0.5645161290322581
397 573 0.7096774193548387
397 870 0.5609756097560976
398 420 0.6511627906976745
398 578 0.6511627906976745
399 960 1.0
399 1149 0.6458333333333334
400 1114 0.6428571428571429
400 1194 0.5294117647058824
401 865 0.5357142857142857
407 482 0.5468277945619335
408 1010 0.5945945945945946
409 688 0.5844155844155844
409 1215 0.6052631578947368
412 413 0.6460176991150443
412 455 0.5779816513761468
412 913 0.5779816513761468
412 989 0.6206896551724138
412 1034 0.6206896551724138
412 1180 0.5779816513761468
412 1187 0.7575757575757576
413 454 0.5922330097087378
413 455 0.5849056603773585
413 848 0.5656565656565656
413 913 0.5849056603773585
413 989 0.6283185840707964
413 1013 0.5333333333333333
413 1034 0.6283185840707964
413 1180 0.5849056603773585
414 545 0.5316455696202531
414 564 1.0
414 625 0.6153846153846154
414 640 0.7428571428571429
414 934 0.8181818181818182
414 967 0.6857142857142857
414 1113 0.5096153846153846
414 1172 0.6857142857142857
414 1193 0.6857142857142857
417 873 0.5945945945945946
417 874 0.6619718309859155
417 1206 0.5609756097560976
417 1207 0.6
420 578 1.0
423 1157 0.5652173913043478
424 1157 0.5319148936170213
428 1170 0.5263157894736842
429 463 0.5675675675675675
429 480 0.5217391304347826
429 632 0.5333333333333333
429 662 0.5047619047619047
429 682 0.5701754385964912
429 689 0.5254237288135594
429 690 0.5087719298245614
429 707 0.5126050420168067
429 730 0.5042735042735043
429 734 0.5517241379310345
429 789 0.6509433962264151
429 818 0.574468085106383
429 907 0.5803571428571429
429 1231 0.5727272727272728
430 907 0.6774193548387096
430 1035 0.5447761194029851
431 881 0.5384615384615384
434 520 1.0
435 522 0.573170731707317
435 1151 0.5194805194805194
436 793 1.0
436 1020 0.5416666666666666
437 692 0.5483870967741935
437 843 1.0
438 643 0.6071428571428571
438 747 0.5432098765432098
438 751 0.5308641975308642
438 818 0.5625
438 886 0.5443037974683544
438 1191 0.6933333333333334
444 492 0.6
444 739 0.5609756097560976
446 752 0.5384615384615384
446 946 0.8297872340425532
446 1122 0.7248322147651006
447 448 0.696969696969697
447 529 0.6060606060606061
447 589 0.5555555555555556
447 694 0.6052631578947368
448 529 0.7096774193548387
448 589 0.5555555555555556
448 694 0.6486486486486487
449 1041 0.5287958115183246
451 453 0.525
451 930 0.6140350877192983
452 453 0.6226415094339622
453 1226 0.5172413793103449
453 1227 0.6705882352941176
454 455 0.5957446808510638
454 848 0.5393258426966292
454 913 0.5957446808510638
454 1013 0.5961538461538461
454 1180 0.5957446808510638
455 913 1.0
455 989 0.7525773195876289
455 1013 0.5887850467289719
455 1034 0.7525773195876289
455 1136 0.594059405940594
455 1180 1.0
455 1187 0.7528089887640449
456 621 0.5043478260869565
456 656 0.5371900826446281
456 810 0.5289256198347108
456 857 0.8020833333333334
456 894 0.5508474576271186
456 900 0.7102803738317757
456 921 0.5384615384615384
456 962 0.6915887850467289
456 984 0.5384615384615384
456 1049 0.5384615384615384
456 1132 0.5752212389380531
456 1146 0.797979797979798
456 1205 0.8
458 459 0.55
458 581 0.5217391304347826
458 888 0.7297297297297297
459 888 0.55
462 605 0.7659574468085106
463 632 0.549618320610687
463 682 0.6355140186915887
463 729 0.5370370370370371
463 730 0.7916666666666666
463 734 0.5172413793103449
463 789 0.5688073394495413
463 809 0.5247524752475248
463 907 0.616822429906542
463 983 0.6310679611650486
463 1084 0.5128205128205128
464 744 0.5555555555555556
465 707 0.5625
465 800 0.5915492957746479
465 818 0.5324675324675324
465 1072 0.6197183098591549
465 1189 0.6376811594202898
465 1190 0.5454545454545454
466 473 0.5434782608695652
466 785 0.5212765957446809
466 1022 0.57
467 1126 0.5087719298245614
467 1236 0.5192307692307693
470 527 0.6153846153846154
472 813 0.5306122448979592
472 1179 0.7159090909090909
474 751 0.5211267605633803
474 886 0.582089552238806
476 592 1.0
477 496 0.8818897637795275
477 864 0.7692307692307693
477 1139 0.8790322580645161
478 806 0.5272727272727272
478 1096 0.5700934579439252
478 1183 0.5700934579439252
479 556 0.574468085106383
479 1135 0.5979381443298969
480 734 0.5128205128205128
480 782 0.5604395604395604
480 789 0.6226415094339622
480 890 0.550561797752809
480 907 0.5535714285714286
480 1040 0.59375
480 1231 0.5454545454545454
481 1213 0.5416666666666666
482 956 0.5313807531380753
483 714 0.7058823529411765
483 719 0.6546762589928058
483 720 0.6223776223776224
483 770 0.5510204081632653
483 1069 0.6223776223776224
483 1129 0.6056338028169014
483 1165 0.7058823529411765
484 667 1.0
485 912 0.6176470588235294
488 1094 0.6404494382022472
488 1123 0.5698924731182796
488 1124 0.5638297872340425
490 687 0.5277777777777778
490 1121 0.5806451612903226
491 829 0.7142857142857143
491 917 0.6455696202531646
491 939 0.6666666666666666
491 1065 1.0
492 571 0.6170212765957447
492 739 0.5348837209302325
492 830 0.5818181818181818
493 1041 0.5952380952380952
496 864 0.6762589928057554
496 1139 0.7744360902255639
498 511 0.6551724137931034
499 545 0.5324675324675324
499 693 0.7538461538461538
499 782 0.527027027027027
500 598 1.0
500 721 0.8205128205128205
500 1004 1.0
501 766 0.6728971962616822
501 1174 0.865979381443299
502 716 1.0
502 1086 0.5909090909090909
503 699 1.0
505 684 1.0
506 595 0.5885416666666666
506 805 0.5803108808290155
506 910 0.9267015706806283
506 1204 0.5803108808290155
507 618 0.5128205128205128
509 1022 0.5221238938053098
510 876 1.0
511 623 0.5064935064935064
512 1097 0.6440677966101694
513 1169 0.5316455696202531
517 856 0.6625
517 1163 0.6625
518 696 0.717948717948718
519 618 0.651685393258427
519 791 0.8170731707317073
522 763 0.5393258426966292
523 988 1.0
526 728 1.0
526 757 1.0
529 589 0.6060606060606061
529 694 0.5675675675675675
533 633 0.8488372093023255
533 724 0.7692307692307693
533 725 0.6770833333333334
533 758 0.6770833333333334
533 803 0.7555555555555555
533 804 0.8089887640449438
533 861 0.5784313725490197
533 873 0.6309523809523809
533 1130 0.8089887640449438
533 1186 1.0
534 1173 0.5714285714285714
536 1089 0.6153846153846154
537 538 0.5294117647058824
542 1000 0.55
542 1053 0.5555555555555556
543 715 1.0
543 763 0.7261904761904762
543 1144 0.5053763440860215
543 1217 0.7441860465116279
544 577 1.0
545 564 0.5316455696202531
545 693 0.5733333333333334
545 782 0.6714285714285714
545 934 0.5512820512820513
545 967 0.7761194029850746
548 553 0.5844155844155844
548 666 0.6703296703296703
548 669 0.5844155844155844
548 997 1.0
548 1002 0.5844155844155844
549 553 0.5081967213114754
549 600 0.5555555555555556
549 655 1.0
549 669 0.5081967213114754
549 670 1.0
549 686 0.8387096774193549
549 1030 0.5555555555555556
550 794 0.6444444444444445
551 685 0.5161290322580645
551 978 0.5588235294117647
552 582 0.8947368421052632
552 1188 0.9444444444444444
553 655 0.5081967213114754
553 668 0.6
553 669 1.0
553 670 0.5081967213114754
553 997 0.5844155844155844
555 1125 0.5666666666666667
556 1135 0.5567010309278351
559 1000 0.6285714285714286
559 1053 0.625
560 561 0.6440677966101694
560 569 0.5542168674698795
560 572 0.6206896551724138
560 573 0.6885245901639344
560 870 0.5432098765432098
561 572 0.7291666666666666
561 573 0.7037037037037037
561 870 0.52
561 978 0.5098039215686274
563 657 0.5058823529411764
564 625 0.6153846153846154
564 640 0.7428571428571429
564 934 0.8181818181818182
564 967 0.6857142857142857
564 1113 0.5096153846153846
564 1172 0.6857142857142857
564 1193 0.6857142857142857
569 573 0.55
569 974 0.5798319327731093
570 1036 1.0
572 573 0.8163265306122449
572 978 0.5416666666666666
573 870 0.5189873417721519
575 888 0.6052631578947368
575 986 0.5116279069767442
576 588 0.6119402985074627
576 825 0.5454545454545454
576 999 0.6507936507936508
576 1221 0.5540540540540541
581 683 0.5483870967741935
581 888 0.5909090909090909
581 1088 0.5151515151515151
582 1188 0.9444444444444444
585 673 0.5833333333333334
593 1123 0.6477272727272727
593 1124 0.6404494382022472
595 805 0.936
595 910 0.5885416666666666
595 1204 0.936
597 636 0.9407407407407408
597 639 0.8633093525179856
597 712 0.588957055214724
598 721 0.8205128205128205
598 1004 1.0
599 788 0.8777777777777778
599 859 0.8777777777777778
599 1037 0.8777777777777778
600 655 0.5555555555555556
600 670 0.5555555555555556
600 686 0.5853658536585366
600 1030 1.0
601 680 0.5909090909090909
603 645 0.6060606060606061
603 901 0.5882352941176471
603 1060 0.6060606060606061
609 612 0.6015037593984962
609 634 0.5038167938931297
609 891 0.6396396396396397
611 930 0.6451612903225806
613 966 0.61
613 1015 0.7865168539325843
614 1199 1.0
615 1209 0.5652173913043478
617 626 0.569377990430622
617 648 1.0
617 786 0.5092592592592593
617 815 0.505
618 791 0.6304347826086957
618 996 0.5384615384615384
619 635 0.6376811594202898
619 808 0.5571428571428572
619 890 0.7833333333333333
621 857 0.5700934579439252
621 1044 0.5585585585585585
621 1131 0.6601941747572816
621 1132 0.6476190476190476
621 1133 0.5446428571428571
622 645 0.6307692307692307
622 1060 0.6307692307692307
624 1021 0.869281045751634
625 934 0.6153846153846154
625 1035 0.5818181818181818
626 644 0.5092250922509225
626 648 0.569377990430622
626 786 0.6777251184834123
626 795 0.543778801843318
626 802 0.5955555555555555
626 815 0.6287128712871287
626 850 0.5427350427350427
628 786 0.5324074074074074
628 815 0.5854922279792746
628 921 0.50920245398773
628 984 0.50920245398773
628 1049 0.50920245398773
628 1087 0.8187134502923976
629 1220 0.6875
630 771 0.6708860759493671
630 1088 0.5421686746987951
631 1159 0.7802197802197802
631 1185 0.7954545454545454
632 682 0.6
632 734 0.5255474452554745
632 907 0.5036496350364964
633 724 0.7083333333333334
633 725 0.6237623762376238
633 758 0.6237623762376238
633 803 0.6428571428571429
633 804 0.7446808510638298
633 861 0.5327102803738317
633 873 0.627906976744186
633 1130 0.7446808510638298
633 1186 0.8488372093023255
635 890 0.6923076923076923
636 639 0.8905109489051095
636 712 0.6289308176100629
637 641 0.5233644859813084
639 712 0.610062893081761
640 934 0.6052631578947368
640 967 0.5189873417721519
642 681 0.6434782608695652
642 852 1.0
643 762 0.5217391304347826
643 1062 0.625
643 1176 0.5555555555555556
643 1191 0.625
644 652 0.5214521452145214
644 802 0.5036496350364964
644 947 0.8850574712643678
644 1056 0.5263157894736842
645 901 0.5882352941176471
645 1060 1.0
646 916 0.5348837209302325
648 786 0.5092592592592593
648 815 0.505
649 683 0.8285714285714286
649 846 0.5217391304347826
649 1076 0.7297297297297297
649 1088 0.7837837837837838
651 871 0.6931818181818182
651 889 0.7283950617283951
652 776 0.6096654275092936
652 784 0.5642857142857143
652 866 0.5642857142857143
652 947 0.5636942675159236
652 1014 0.5642857142857143
652 1029 0.5631768953068592
652 1056 0.6360424028268551
652 1061 0.5642857142857143
653 708 1.0
655 669 0.5081967213114754
655 670 1.0
655 686 0.8387096774193549
655 1030 0.5555555555555556
656 810 0.5950413223140496
656 894 0.6050420168067226
656 900 0.5158730158730159
656 921 0.504
656 984 0.504
656 1049 0.504
656 1146 0.5121951219512195
658 848 0.5204081632653061
658 1026 0.7731958762886598
660 851 1.0
661 677 1.0
662 734 0.5094339622641509
664 842 0.676056338028169
666 668 0.5826086956521739
666 997 0.6703296703296703
668 669 0.6
669 670 0.5081967213114754
669 997 0.5844155844155844
670 686 0.8387096774193549
670 1030 0.5555555555555556
671 695 1.0
671 774 1.0
671 779 0.5348837209302325
674 675 0.7967032967032966
674 676 0.847457627118644
674 776 0.7117117117117117
674 784 0.6960352422907489
674 796 0.7839195979899497
674 802 0.5169491525423728
674 839 0.7802197802197802
674 850 0.5062761506276151
674 866 0.6960352422907489
674 904 0.7802197802197802
674 951 0.6237623762376238
674 953 0.6511627906976745
674 973 0.8924731182795699
674 982 0.5853658536585366
674 1006 0.5775401069518716
674 1014 0.6960352422907489
674 1029 0.7117117117117117
674 1057 0.5450236966824644
674 1061 0.6960352422907489
674 1083 1.0
675 676 0.8633540372670807
675 776 0.5972850678733032
675 784 0.584070796460177
675 796 0.673469387755102
675 839 0.9038461538461539
675 866 0.584070796460177
675 904 0.9038461538461539
675 951 0.7602339181286549
675 953 0.5545023696682464
675 973 0.7955801104972375
675 982 0.7028571428571428
675 1006 0.6047904191616766
675 1014 0.584070796460177
675 1029 0.5972850678733032
675 1057 0.6703910614525139
675 1061 0.584070796460177
675 1083 0.7967032967032966
676 776 0.6342592592592593
676 784 0.6199095022624435
676 796 0.7172774869109948
676 839 0.7784431137724551
676 866 0.6199095022624435
676 904 0.7784431137724551
676 951 0.6538461538461539
676 953 0.5769230769230769
676 973 0.8361581920903954
676 982 0.6195652173913043
676 1006 0.675
676 1014 0.6199095022624435
676 1029 0.6342592592592593
676 1057 0.5736842105263158
676 1061 0.6199095022624435
676 1083 0.847457627118644
679 782 0.5675675675675675
679 785 0.5172413793103449
679 811 0.573170731707317
681 852 0.6434782608695652
682 729 0.5981308411214953
682 730 0.7352941176470589
682 907 0.5084745762711864
682 1035 0.5258620689655172
682 1084 0.5423728813559322
683 1076 0.8709677419354839
683 1088 0.6438356164383562
685 812 0.6857142857142857
686 1030 0.5853658536585366
688 1011 0.5443037974683544
688 1215 0.8769230769230769
689 697 0.845360824742268
689 707 0.8383838383838383
689 1082 0.7549019607843137
690 749 0.5454545454545454
690 808 0.5568181818181818
691 736 1.0
692 843 0.5483870967741935
693 782 0.527027027027027
695 774 1.0
695 779 0.5348837209302325
697 707 0.7378640776699029
697 1072 0.5483870967741935
697 1082 0.8924731182795699
698 772 0.5730337078651685
698 1017 1.0
700 867 0.6868686868686869
700 924 0.7659574468085106
700 1128 0.6868686868686869
702 868 1.0
703 798 0.5445544554455446
703 963 0.7954545454545454
705 854 0.5774647887323944
705 1033 0.5068493150684932
705 1192 0.6515151515151515
705 1234 0.5131578947368421
705 1235 0.5507246376811594
707 1082 0.6574074074074074
709 1168 0.5142857142857142
713 816 0.8148148148148148
714 719 0.8373983739837398
714 720 0.7538461538461538
714 770 0.6115107913669064
714 1069 0.7538461538461538
714 1129 0.696969696969697
714 1165 0.6285714285714286
715 763 0.7261904761904762
715 1144 0.5053763440860215
715 1217 0.7441860465116279
716 1086 0.5909090909090909
719 720 0.7121212121212122
719 770 0.734375
719 1069 0.7121212121212122
719 1129 0.8347107438016529
719 1165 0.674074074074074
720 770 0.696969696969697
720 1069 1.0
720 1129 0.5886524822695035
720 1165 0.5510204081632653
721 1004 0.8205128205128205
722 723 0.7627118644067796
722 855 1.0
722 948 0.808695652173913
722 1046 0.6260162601626016
722 1216 1.0
723 855 0.7627118644067796
723 948 0.7049180327868853
723 1046 0.8348623853211009
723 1216 0.7627118644067796
724 725 0.6767676767676768
724 758 0.6767676767676768
724 803 0.5825242718446602
724 804 0.7473684210526316
724 861 0.580952380952381
724 873 0.5955056179775281
724 1130 0.7473684210526316
724 1186 0.7692307692307693
725 726 0.6274509803921569
725 758 1.0
725 803 0.5092592592592593
725 804 0.7291666666666666
725 861 0.8651685393258427
725 873 0.5955056179775281
725 1130 0.7291666666666666
725 1186 0.6770833333333334
726 758 0.6274509803921569
726 861 0.5660377358490566
728 757 1.0
729 730 0.6153846153846154
729 1084 0.5175438596491229
730 983 0.5178571428571429
730 1035 0.5263157894736842
730 1084 0.6272727272727273
731 737 0.6363636363636364
732 734 0.5048543689320388
732 735 0.7857142857142857
732 741 0.5569620253164557
732 762 0.5882352941176471
732 1032 0.5421686746987951
732 1140 0.7083333333333334
733 742 0.5319148936170213
733 744 0.5714285714285714
733 1212 0.6075949367088608
734 735 0.5833333333333334
734 789 0.7524752475247525
734 907 0.6272727272727273
734 983 0.5818181818181818
734 1231 0.6666666666666666
735 741 0.6666666666666666
735 762 0.5714285714285714
735 1032 0.6025641025641025
735 1140 0.6438356164383562
735 1160 0.5584415584415584
735 1230 0.5540540540540541
740 1077 0.7099236641221374
741 1140 0.6388888888888888
741 1160 0.7611940298507462
741 1230 0.6617647058823529
744 1212 0.6527777777777778
745 1161 1.0
746 1151 0.765625
746 1168 0.52
751 818 0.56
751 886 0.6285714285714286
751 1072 0.52
751 1189 0.6
751 1191 0.6301369863013698
752 946 0.6375
752 1122 0.63125
758 803 0.5092592592592593
758 804 0.7291666666666666
758 861 0.8651685393258427
758 873 0.5955056179775281
758 1130 0.7291666666666666
758 1186 0.6770833333333334
759 1164 0.6
761 1101 0.868421052631579
762 1062 0.5591397849462365
762 1176 0.6705882352941176
763 1144 0.7088607594936709
763 1217 0.5263157894736842
764 807 0.7477477477477478
765 974 0.5257731958762887
766 1174 0.6923076923076923
767 783 0.7419354838709677
767 790 0.6666666666666666
767 915 0.717391304347826
767 1079 0.7419354838709677
767 1092 1.0
770 1069 0.696969696969697
770 1129 0.746031746031746
770 1165 0.6231884057971014
771 1156 0.575
772 1017 0.5730337078651685
774 779 0.5348837209302325
776 784 0.8940092165898618
776 796 0.8405797101449275
776 839 0.5418502202643172
776 866 0.8940092165898618
776 904 0.5418502202643172
776 951 0.5063829787234042
776 953 0.6565217391304348
776 973 0.7419354838709677
776 982 0.5669642857142857
776 1006 0.5507246376811594
776 1014 0.8940092165898618
776 1029 0.9061032863849765
776 1056 0.5854545454545454
776 1057 0.543859649122807
776 1061 0.8940092165898618
776 1083 0.7117117117117117
778 842 0.6521739130434783
782 785 0.5058823529411764
782 811 0.5822784810126582
782 967 0.7014925373134329
782 1093 0.5769230769230769
783 790 0.723404255319149
783 915 0.5686274509803921
783 1079 1.0
783 1092 0.7419354838709677
784 796 0.8557692307692307
784 839 0.5301724137931034
784 866 1.0
784 904 0.5301724137931034
784 953 0.670995670995671
784 973 0.6724890829694323
784 982 0.5545851528384279
784 1006 0.5377358490566038
784 1014 1.0
784 1029 0.9759615384615384
784 1056 0.5693950177935944
784 1057 0.5454545454545454
784 1061 1.0
784 1083 0.6960352422907489
785 811 0.8076923076923077
785 1093 0.6162790697674418
786 795 0.5933014354066986
786 796 0.5258620689655172
786 802 0.5866666666666667
786 815 0.8268156424581006
786 850 0.5341880341880342
786 1087 0.5229357798165137
787 1006 0.6747967479674797
787 1044 0.5663716814159292
788 859 1.0
788 1037 0.8777777777777778
788 1109 0.5349794238683128
789 890 0.550561797752809
789 907 0.6893203883495146
789 983 0.6407766990291263
789 1084 0.5084745762711864
789 1140 0.5104166666666666
789 1231 0.7708333333333334
790 915 0.7362637362637363
790 1079 0.723404255319149
790 1092 0.6666666666666666
793 1020 0.5416666666666666
795 802 0.515695067264574
795 815 0.6296296296296297
796 839 0.6089108910891089
796 866 0.8557692307692307
796 904 0.6089108910891089
796 951 0.5666666666666667
796 953 0.7623762376237624
796 973 0.765
796 982 0.6381909547738693
796 1006 0.6263736263736264
796 1014 0.8557692307692307
796 1029 0.8768472906403941
796 1056 0.5335820895522388
796 1057 0.6268656716417911
796 1061 0.8557692307692307
796 1083 0.7839195979899497
798 963 0.5445544554455446
800 1072 0.5942028985507246
800 1189 0.6119402985074627
801 1171 0.6095238095238096
802 815 0.5159817351598174
802 850 0.8860103626943006
802 947 0.5136986301369864
802 968 0.5947136563876652
802 1083 0.5169491525423728
803 804 0.6138613861386139
803 1130 0.6138613861386139
803 1186 0.7555555555555555
804 861 0.6274509803921569
804 873 0.5955056179775281
804 1130 1.0
804 1186 0.8089887640449438
805 910 0.5803108808290155
805 1204 1.0
806 1096 0.8611111111111112
806 1183 0.8611111111111112
808 890 0.6307692307692307
809 811 0.550561797752809
809 886 0.5822784810126582
810 894 0.7431192660550459
810 900 0.7117117117117117
810 1146 0.5040650406504065
810 1205 0.6120689655172413
811 1093 0.6385542168674698
813 1179 0.5050505050505051
815 1087 0.5583756345177665
817 902 0.5576923076923077
817 931 0.5416666666666666
818 886 0.7692307692307693
818 1032 0.5185185185185185
818 1072 0.5131578947368421
818 1140 0.6857142857142857
818 1189 0.6617647058823529
818 1190 0.5063291139240507
818 1191 0.6901408450704225
824 1115 0.5625
824 1118 0.6666666666666666
826 1059 0.7985611510791367
829 917 0.7692307692307693
829 939 0.821917808219178
829 1065 0.7142857142857143
835 1154 0.8243243243243243
838 1213 0.5769230769230769
838 1226 0.5833333333333334
839 866 0.5301724137931034
839 904 1.0
839 951 0.6836158192090396
839 973 0.7219251336898396
839 982 0.6388888888888888
839 1006 0.6158536585365854
839 1014 0.5301724137931034
839 1029 0.5418502202643172
839 1057 0.6174863387978142
839 1061 0.5301724137931034
839 1083 0.7802197802197802
841 919 0.686046511627907
841 1206 0.7848101265822784
845 862 1.0
846 1088 0.5903614457831325
850 947 0.5050847457627119
850 968 0.5689655172413793
850 1083 0.5062761506276151
854 1192 0.7540983606557377
854 1235 0.640625
855 948 0.808695652173913
855 1046 0.6260162601626016
855 1216 1.0
856 1163 1.0
857 900 0.5614035087719298
857 921 0.5217391304347826
857 962 0.7959183673469388
857 984 0.5217391304347826
857 1044 0.5043478260869565
857 1049 0.5217391304347826
857 1146 0.8210526315789474
857 1205 0.6355140186915887
859 1037 0.8777777777777778
859 1109 0.5349794238683128
861 1130 0.6274509803921569
861 1186 0.5784313725490197
864 1139 0.8760330578512396
866 904 0.5301724137931034
866 953 0.670995670995671
866 973 0.6724890829694323
866 982 0.5545851528384279
866 1006 0.5377358490566038
866 1014 1.0
866 1029 0.9759615384615384
866 1056 0.5693950177935944
866 1057 0.5454545454545454
866 1061 1.0
866 1083 0.6960352422907489
867 924 0.5137614678899083
867 1128 1.0
871 889 0.7532467532467533
873 1130 0.5955056179775281
873 1186 0.6309523809523809
874 1023 0.5116279069767442
874 1207 0.6
875 944 1.0
875 980 1.0
879 1236 0.5098039215686274
881 1121 0.5357142857142857
882 932 1.0
883 906 0.5121951219512195
884 920 0.5072463768115942
884 1033 0.5230769230769231
884 1042 0.5483870967741935
886 1072 0.5774647887323944
886 1140 0.5131578947368421
886 1189 0.6923076923076923
886 1191 0.6714285714285714
890 907 0.5053763440860215
890 1231 0.5813953488372093
894 900 0.7247706422018348
894 1146 0.512396694214876
894 1205 0.6228070175438597
899 922 0.631578947368421
900 962 0.5371900826446281
900 1146 0.6194690265486725
900 1205 0.85
901 1060 0.5882352941176471
904 951 0.6836158192090396
904 973 0.7219251336898396
904 982 0.6388888888888888
904 1006 0.6158536585365854
904 1014 0.5301724137931034
904 1029 0.5418502202643172
904 1057 0.6174863387978142
904 1061 0.5301724137931034
904 1083 0.7802197802197802
907 983 0.5267857142857143
907 1035 0.6826923076923077
907 1084 0.5929203539823009
907 1231 0.5779816513761468
908 923 1.0
909 954 1.0
910 1204 0.5803108808290155
911 1112 0.6548672566371682
913 989 0.7525773195876289
913 1013 0.5887850467289719
913 1034 0.7525773195876289
913 1136 0.594059405940594
913 1180 1.0
913 1187 0.7528089887640449
915 1079 0.5686274509803921
915 1092 0.717391304347826
917 939 0.7439024390243902
917 1065 0.6455696202531646
919 1206 0.7108433734939759
921 984 1.0
921 1049 1.0
921 1087 0.54375
921 1146 0.5126050420168067
924 1128 0.5137614678899083
929 961 1.0
931 1044 0.7821782178217822
933 985 0.6944444444444444
933 1008 0.6666666666666666
933 1090 0.6944444444444444
934 967 0.6857142857142857
934 1172 0.6388888888888888
934 1193 0.6388888888888888
938 1071 0.6460176991150443
938 1107 0.6460176991150443
939 1065 0.6666666666666666
943 1111 0.6716417910447762
944 980 1.0
946 1122 0.5987654320987654
947 1056 0.5341614906832298
948 1046 0.6
948 1216 0.808695652173913
951 953 0.5893719806763285
951 973 0.6218905472636815
951 982 0.6338797814207651
951 1029 0.5063829787234042
951 1057 0.7045454545454546
951 1083 0.6237623762376238
953 973 0.6267281105990783
953 982 0.6138613861386139
953 1014 0.670995670995671
953 1029 0.6858407079646017
953 1057 0.676923076923077
953 1061 0.670995670995671
953 1083 0.6511627906976745
953 1109 0.5039370078740157
959 993 0.5396825396825397
960 1149 0.6458333333333334
962 1146 0.7403846153846154
962 1205 0.6052631578947368
966 1015 0.6808510638297872
967 1172 0.6111111111111112
967 1193 0.6111111111111112
973 982 0.5911330049261084
973 1006 0.592391304347826
973 1014 0.6724890829694323
973 1029 0.6875
973 1057 0.5502392344497608
973 1061 0.6724890829694323
973 1083 0.8924731182795699
981 1141 0.5789473684210527
982 1006 0.5287356321839081
982 1014 0.5545851528384279
982 1029 0.5669642857142857
982 1057 0.7470588235294118
982 1061 0.5545851528384279
982 1083 0.5853658536585366
983 1231 0.67
984 1049 1.0
984 1087 0.54375
984 1146 0.5126050420168067
985 1008 0.618421052631579
985 1090 1.0
987 1105 0.684931506849315
989 1034 1.0
989 1180 0.7525773195876289
989 1187 0.5779816513761468
996 1171 0.6265060240963856
997 1002 0.5844155844155844
998 1048 0.592814371257485
998 1081 0.75
998 1108 0.8169014084507042
999 1221 0.527027027027027
1001 1228 1.0
1006 1014 0.5377358490566038
1006 1029 0.5507246376811594
1006 1061 0.5377358490566038
1006 1083 0.5775401069518716
1008 1090 0.618421052631579
1011 1215 0.5443037974683544
1012 1102 0.9137931034482759
1013 1180 0.5887850467289719
1014 1029 0.9759615384615384
1014 1056 0.5693950177935944
1014 1057 0.5454545454545454
1014 1061 1.0
1014 1083 0.6960352422907489
1023 1095 0.5604395604395604
1023 1206 0.5053763440860215
1023 1207 0.7283950617283951
1025 1055 0.6271186440677966
1025 1208 0.6271186440677966
1029 1056 0.5627240143369175
1029 1057 0.5575221238938053
1029 1061 0.9759615384615384
1029 1083 0.7117117117117117
1033 1042 0.5846153846153846
1033 1234 0.6818181818181818
1033 1235 0.5373134328358209
1034 1180 0.7525773195876289
1034 1187 0.5779816513761468
1035 1084 0.6126126126126126
1042 1234 0.5652173913043478
1043 1202 0.6696428571428571
1044 1131 0.5304347826086957
1044 1132 0.5213675213675214
1046 1216 0.6260162601626016
1048 1081 0.7012987012987013
1048 1108 0.6493506493506493
1049 1087 0.54375
1049 1146 0.5126050420168067
1055 1208 1.0
1056 1061 0.5693950177935944
1057 1061 0.5454545454545454
1057 1083 0.5450236966824644
1061 1083 0.6960352422907489
1062 1176 0.8125
1069 1129 0.5886524822695035
1069 1165 0.5510204081632653
1071 1107 1.0
1072 1082 0.5483870967741935
1072 1189 0.71875
1072 1190 0.5466666666666666
1075 1144 0.5625
1076 1088 0.5584415584415584
1079 1092 0.7419354838709677
1081 1108 0.6710526315789473
1085 1110 0.6685714285714286
1094 1123 0.5869565217391305
1094 1124 0.5806451612903226
1096 1183 1.0
1114 1194 0.625
1114 1195 0.5428571428571428
1115 1118 0.6666666666666666
1118 1195 0.5135135135135135
1119 1142 0.5714285714285714
1119 1178 0.6296296296296297
1123 1124 0.9864864864864865
1123 1179 0.5578947368421052
1124 1179 0.5520833333333334
1125 1126 0.7115384615384616
1129 1165 0.7230769230769231
1130 1186 0.8089887640449438
1131 1132 0.7959183673469388
1131 1133 0.6146788990825688
1132 1133 0.78
1136 1180 0.594059405940594
1140 1160 0.6164383561643836
1140 1230 0.547945205479452
1142 1178 0.509090909090909
1146 1205 0.6666666666666666
1151 1155 0.5254237288135594
1155 1210 0.5454545454545454
1159 1185 0.6161616161616161
1160 1230 0.6617647058823529
1172 1193 1.0
1177 1213 0.5176470588235295
1177 1221 0.575
1180 1187 0.7528089887640449
1189 1190 0.6056338028169014
1189 1191 0.5972222222222222
1192 1235 0.6721311475409836
1194 1195 0.5789473684210527
1195 1210 0.5238095238095238
1206 1207 0.5333333333333333
1213 1226 0.5921052631578947
1218 1219 0.9830508474576272
1226 1227 0.7941176470588235
1230 1231 0.550561797752809
